return {
    ["HUMBLE."] = {
        {Time = 0.000, Data = {
            ["RightFoot"] = CFrame.new(-5.21540641784668e-08, 4.76837158203125e-07, 1.6952981241047382e-09, 0.9892194271087646, -0.1308593899011612, -0.0657346248626709, 0.06192968040704727, 0.7805863618850708, -0.6219723224639893, 0.1327015608549118, 0.6111962199211121, 0.7802753448486328),
            ["LeftLowerArm"] = CFrame.new(0, -1.1920928955078125e-07, 9.685754776000977e-08, 1, -3.1292418611883477e-07, 9.685753354915505e-08, 3.576278118089249e-07, -0.4395447075366974, -0.8982206583023071, -1.1920927533992653e-07, 0.8982207775115967, -0.43954476714134216),
            ["RightUpperArm"] = CFrame.new(0, -0.06523799896240234, -1.4901161193847656e-08, 0.7130556702613831, 0.40181076526641846, 0.5745430588722229, 0.20141898095607758, 0.6675314903259277, -0.7168208956718445, -0.6715520024299622, 0.6268571615219116, 0.39505451917648315),
            ["Head"] = CFrame.new(1.30385160446167e-08, 0, -2.3283064365386963e-09, 0.9605163931846619, 0.09760801494121552, -0.26054006814956665, -0.1436796635389328, 0.9759278893470764, -0.1640758365392685, 0.23825296759605408, 0.19503183662891388, 0.9514190554618835),
            ["LowerTorso"] = CFrame.new(0.17093291878700256, -0.2626345157623291, 0.03544045612215996, 0.964380145072937, -0.003395030740648508, 0.2644984722137451, -0.03589273616671562, 0.9889902472496033, 0.14356204867362976, -0.26207396388053894, -0.14794212579727173, 0.9536406993865967),
            ["UpperTorso"] = CFrame.new(-1.5832483768463135e-08, -1.1920928955078125e-07, 3.725290298461914e-09, 0.9896441698074341, -0.14295485615730286, 0.012977342121303082, 0.14353586733341217, 0.9864163994789124, -0.07987574487924576, -0.0013820817694067955, 0.08091143518686295, 0.9967203736305237),
            ["HumanoidRootPart"] = CFrame.new(0, 0, 0, 1, 0, 0, 0, 1, 0, 0, 0, 1),
            ["RightUpperLeg"] = CFrame.new(-0.000025510787963867188, -0.00012555159628391266, -0.004997456446290016, 0.9923091530799866, 0.11341841518878937, 0.049588095396757126, -0.0684044137597084, 0.8363073468208313, -0.5439765453338623, -0.1031673401594162, 0.5364012718200684, 0.8376339673995972),
            ["LeftUpperArm"] = CFrame.new(-1.1920928955078125e-07, -0.06523752212524414, 2.9802322387695312e-08, 0.38951510190963745, 0.5733339786529541, -0.7208096385002136, 0.2853163182735443, 0.6690080165863037, 0.6863112449645996, 0.8757126927375793, -0.47298678755760193, 0.0970071479678154),
            ["RightLowerArm"] = CFrame.new(1.1920928955078125e-07, 5.960464477539062e-07, 1.4901161193847656e-07, 1, 4.0233149434243387e-07, -1.7136343899437634e-07, 4.0233155118585273e-07, 0.9670925140380859, -0.25442519783973694, -8.940700979565008e-08, 0.2544252574443817, 0.9670925140380859),
            ["LeftHand"] = CFrame.new(-3.725290298461914e-09, 1.7881393432617188e-07, -4.637986421585083e-07, 0.5611582398414612, -0.6602522730827332, -0.49916863441467285, 0.7802397608757019, 0.6232499480247498, 0.05275847390294075, 0.2762741148471832, -0.41907814145088196, 0.8648972511291504),
            ["LeftFoot"] = CFrame.new(2.9802322387695312e-08, 0, -4.0978193283081055e-08, 0.9961518049240112, 0.060505643486976624, -0.06341011822223663, -0.044200073927640915, 0.9715491533279419, 0.23267653584480286, 0.07568372786045074, -0.22897879779338837, 0.9704848527908325),
            ["RightHand"] = CFrame.new(-1.4901161193847656e-08, 0, -1.1920928955078125e-07, 0.4831600487232208, -0.3864504396915436, 0.7856286764144897, 0.45920485258102417, 0.8758443593978882, 0.1484173834323883, -0.7454444169998169, 0.28905487060546875, 0.6006328463554382),
            ["RightLowerLeg"] = CFrame.new(7.450580596923828e-09, -2.980232238769531e-07, -5.790934665128589e-08, 1, 0, 2.607702356272057e-07, 5.215405280978302e-07, 0.453046053647995, 0.891487181186676, -1.0058281674218961e-07, -0.8914871215820312, 0.45304614305496216),
            ["LeftUpperLeg"] = CFrame.new(0.000025451183319091797, 0.0001254769740626216, 0.004997476935386658, 0.9487832188606262, 0.041622549295425415, 0.31317490339279175, 0.20422782003879547, 0.6755123138427734, -0.7085009217262268, -0.2410426288843155, 0.7361730337142944, 0.6324143409729004),
            ["LeftLowerLeg"] = CFrame.new(-2.2351741790771484e-08, -1.7881393432617188e-07, -7.450580596923828e-08, 1, 1.955777406692505e-08, -1.1175873559921001e-08, -5.215404996761208e-08, 0.9086255431175232, 0.4176118075847626, 6.705521116145974e-08, -0.4176117777824402, 0.9086255431175232),
        }},
        {Time = 0.033, Data = {
            ["RightFoot"] = CFrame.new(3.725290298461914e-09, 4.172325134277344e-07, 4.639878170564771e-08, 0.988079845905304, -0.13253773748874664, -0.07830780744552612, 0.04918646067380905, 0.7538228631019592, -0.655234158039093, 0.14587299525737762, 0.6435720920562744, 0.751356303691864),
            ["LeftLowerArm"] = CFrame.new(-2.9802322387695312e-08, -1.1920928955078125e-07, -1.043081283569336e-07, 1, -4.7683693082944956e-07, 4.72646100035945e-08, 1.7881389169360773e-07, -0.379627525806427, -0.9251396059989929, -1.9371505288745539e-07, 0.9251394271850586, -0.37962713837623596),
            ["RightUpperArm"] = CFrame.new(1.1920928955078125e-07, -0.06523776054382324, 1.4901161193847656e-08, 0.7047767639160156, 0.42949792742729187, 0.5646434426307678, 0.1583501100540161, 0.6805933117866516, -0.7153447866439819, -0.6915309429168701, 0.5935690999031067, 0.4116549491882324),
            ["Head"] = CFrame.new(-7.171183824539185e-08, -3.5762786865234375e-07, -1.0244548320770264e-08, 0.95400071144104, 0.09952883422374725, -0.28280192613601685, -0.14968395233154297, 0.9754300713539124, -0.1616508960723877, 0.2597644031047821, 0.19654595851898193, 0.945458710193634),
            ["LowerTorso"] = CFrame.new(0.1823437362909317, -0.3046236038208008, 0.02386675775051117, 0.9522688388824463, -0.01676229014992714, 0.3048001527786255, -0.016840988770127296, 0.9940857291221619, 0.1072845533490181, -0.30479589104652405, -0.10729704797267914, 0.9463545680046082),
            ["UpperTorso"] = CFrame.new(1.210719347000122e-08, -2.086162567138672e-07, 2.9802322387695312e-08, 0.9899893403053284, -0.14113913476467133, 0.0009869291679933667, 0.14083066582679749, 0.9873137474060059, -0.07333667576313019, 0.009376417845487595, 0.07274162769317627, 0.9973068237304688),
            ["HumanoidRootPart"] = CFrame.new(0, 0, 0, 1, 0, 0, 0, 1, 0, 0, 0, 1),
            ["RightUpperLeg"] = CFrame.new(-0.000025510787963867188, -0.00012586358934640884, -0.004997493699193001, 0.9912585020065308, 0.1316896229982376, 0.008025310933589935, -0.10843021422624588, 0.8478111028671265, -0.5190947651863098, -0.07516325265169144, 0.513687014579773, 0.8546790480613708),
            ["LeftUpperArm"] = CFrame.new(-1.1920928955078125e-07, -0.0652381181716919, 1.4901161193847656e-08, 0.3945878744125366, 0.5684985518455505, -0.7218793630599976, 0.30946826934814453, 0.6575055718421936, 0.6869614720344543, 0.8651762008666992, -0.49446529150009155, 0.08351154625415802),
            ["RightLowerArm"] = CFrame.new(1.7881393432617188e-07, 0, 7.450580596923828e-08, 1, -2.2351744632942427e-07, -1.1920930376163597e-07, -3.1292447033592907e-07, 0.987202525138855, -0.1594720035791397, -2.235174747511337e-07, 0.15947206318378448, 0.9872024655342102),
            ["LeftHand"] = CFrame.new(-8.102506399154663e-08, 1.1920928955078125e-07, 9.12696123123169e-08, 0.5570379495620728, -0.6385897397994995, -0.5309543013572693, 0.747704029083252, 0.66388338804245, -0.014031397178769112, 0.36145201325416565, -0.38918131589889526, 0.8472843170166016),
            ["LeftFoot"] = CFrame.new(-1.4901161193847656e-08, 0, -4.0978193283081055e-08, 0.9967528581619263, 0.05574590712785721, -0.058105312287807465, -0.0448414608836174, 0.9836403727531433, 0.17447340488433838, 0.06688051670789719, -0.17130142450332642, 0.9829460382461548),
            ["RightHand"] = CFrame.new(1.043081283569336e-07, 2.384185791015625e-07, -1.043081283569336e-07, 0.38075315952301025, -0.3488428592681885, 0.8563503623008728, 0.39946216344833374, 0.8972853422164917, 0.18790794909000397, -0.8339408040046692, 0.2705324590206146, 0.48099344968795776),
            ["RightLowerLeg"] = CFrame.new(2.9802322387695312e-08, 3.5762786865234375e-07, -5.045876605436206e-08, 1, -1.1175865211043856e-07, 1.5646217832454568e-07, 4.097818759873917e-07, 0.40924179553985596, 0.9124259948730469, 0, -0.9124260544776917, 0.4092416763305664),
            ["LeftUpperLeg"] = CFrame.new(0.000025510787963867188, 0.00012538721784949303, 0.0049974992871284485, 0.9646369814872742, 0.05906307324767113, 0.25688034296035767, 0.16759133338928223, 0.6147738099098206, -0.7706921100616455, -0.20344240963459015, 0.786488950252533, 0.5831348299980164),
            ["LeftLowerLeg"] = CFrame.new(1.1920928955078125e-07, -5.960464477539063e-08, 1.341104507446289e-07, 1, 9.033830394855613e-08, -2.7939684343891713e-08, -5.215407838932151e-08, 0.821361243724823, 0.570408284664154, 1.0430815677864302e-07, -0.5704084634780884, 0.8213613629341125),
        }},
        {Time = 0.067, Data = {
            ["RightFoot"] = CFrame.new(8.940696716308594e-08, 3.5762786865234375e-07, -5.790934665128589e-08, 0.9868762493133545, -0.14105066657066345, -0.07861534506082535, 0.05291437730193138, 0.7424367666244507, -0.667823314666748, 0.1525627225637436, 0.6548988223075867, 0.7401565909385681),
            ["LeftLowerArm"] = CFrame.new(-2.086162567138672e-07, -1.7881393432617188e-07, -1.6391277313232422e-07, 1, -1.639127589214695e-07, 5.960465898624534e-08, 1.639127589214695e-07, -0.3099724054336548, -0.950745701789856, 4.470347647611561e-08, 0.9507455825805664, -0.30997222661972046),
            ["RightUpperArm"] = CFrame.new(-1.1920928955078125e-07, -0.0652381181716919, -2.2351741790771484e-08, 0.6908887028694153, 0.45926010608673096, 0.5583485960960388, 0.09311836212873459, 0.7093458771705627, -0.6986829042434692, -0.7169392108917236, 0.534704327583313, 0.4473133087158203),
            ["Head"] = CFrame.new(-1.1175870895385742e-08, -1.1920928955078125e-07, 2.7939677238464355e-09, 0.9492319226264954, 0.09763456881046295, -0.29904282093048096, -0.13719572126865387, 0.9839335083961487, -0.11424682289361954, 0.283083438873291, 0.1494741141796112, 0.9473759531974792),
            ["LowerTorso"] = CFrame.new(0.18821240961551666, -0.3282036781311035, 0.008138628676533699, 0.944282054901123, -0.027547091245651245, 0.3279823958873749, 0.019365424290299416, 0.9994150996208191, 0.028186311945319176, -0.3285672664642334, -0.02026444487273693, 0.944263219833374),
            ["UpperTorso"] = CFrame.new(2.4027031031437218e-08, -2.384185791015625e-07, 1.1990778148174286e-08, 0.9929109215736389, -0.11839385330677032, -0.010534046217799187, 0.11799171566963196, 0.9924688339233398, -0.03291868418455124, 0.014352591708302498, 0.031442396342754364, 0.9994025230407715),
            ["HumanoidRootPart"] = CFrame.new(0, 0, 0, 1, 0, 0, 0, 1, 0, 0, 0, 1),
            ["RightUpperLeg"] = CFrame.new(-0.000025659799575805664, -0.00012594624422490597, -0.004997497424483299, 0.9863320589065552, 0.16195213794708252, -0.03034277632832527, -0.15902721881866455, 0.8874749541282654, -0.43254876136779785, -0.04312273859977722, 0.43146249651908875, 0.9010998010635376),
            ["LeftUpperArm"] = CFrame.new(1.1920928955078125e-07, -0.0652381181716919, -1.1175870895385742e-08, 0.39791256189346313, 0.5636206865310669, -0.7238766551017761, 0.328622967004776, 0.6491100788116455, 0.6860491037368774, 0.856546938419342, -0.5108698010444641, 0.07307039201259613),
            ["RightLowerArm"] = CFrame.new(-2.9802322387695312e-08, 5.960464477539063e-08, -1.4901161193847656e-08, 1, -1.4901164746561335e-08, 7.450581307466564e-08, 8.940698137394065e-08, 0.9909547567367554, -0.13419689238071442, -2.980232594040899e-08, 0.13419698178768158, 0.9909546971321106),
            ["LeftHand"] = CFrame.new(-1.1175870895385742e-07, 5.960464477539063e-08, 8.940696716308594e-08, 0.5393447279930115, -0.611208975315094, -0.5792497992515564, 0.6927504539489746, 0.713128387928009, -0.10744811594486237, 0.4787527620792389, -0.34332436323165894, 0.808037519454956),
            ["LeftFoot"] = CFrame.new(6.332993507385254e-08, 5.960464477539063e-08, -5.21540641784668e-08, 0.9972355961799622, 0.05046327784657478, -0.054540228098630905, -0.043196842074394226, 0.9909553527832031, 0.12704940140247345, 0.06045801565051079, -0.1243421882390976, 0.9903958439826965),
            ["RightHand"] = CFrame.new(-7.450580596923828e-08, -2.384185791015625e-07, 1.4901161193847656e-08, 0.3969581127166748, -0.36663511395454407, 0.8414291739463806, 0.40866124629974365, 0.8914698958396912, 0.1956465244293213, -0.8218396902084351, 0.26619571447372437, 0.5037057995796204),
            ["RightLowerLeg"] = CFrame.new(-2.9802322387695312e-08, 1.1920928955078125e-07, -5.75528247281909e-09, 1, 2.756713399776345e-07, 1.9371502446574596e-07, 6.258487132981827e-07, 0.411207377910614, 0.9115418195724487, -3.501772596337105e-07, -0.9115418195724487, 0.4112075865268707),
            ["LeftUpperLeg"] = CFrame.new(0.000025600194931030273, 0.00012553343549370766, 0.004997476935386658, 0.9757108092308044, 0.08438573032617569, 0.20215830206871033, 0.1097157821059227, 0.6105010509490967, -0.7843790650367737, -0.18960776925086975, 0.787507176399231, 0.5864141583442688),
            ["LeftLowerLeg"] = CFrame.new(0, 3.5762786865234375e-07, -2.2351741790771484e-07, 1, 8.009374852235851e-08, -6.14673041354763e-08, 1.3411046495548362e-07, 0.7403530478477478, 0.6722182631492615, 7.450581307466564e-08, -0.6722182035446167, 0.7403530478477478),
        }},
        {Time = 0.100, Data = {
            ["RightFoot"] = CFrame.new(4.842877388000488e-08, 3.5762786865234375e-07, -2.8107024263590574e-08, 0.9861426949501038, -0.14697124063968658, -0.07695542275905609, 0.05592837929725647, 0.7312318682670593, -0.6798319816589355, 0.15618756413459778, 0.6661075949668884, 0.729319155216217),
            ["LeftLowerArm"] = CFrame.new(8.940696716308594e-08, -2.980232238769531e-07, -2.2351741790771484e-07, 1, -4.768372150465439e-07, 1.303851746570217e-07, 2.980231954552437e-07, -0.2935696542263031, -0.9559378623962402, -4.172324565843155e-07, 0.9559377431869507, -0.2935693562030792),
            ["RightUpperArm"] = CFrame.new(1.1920928955078125e-07, -0.06523776054382324, -3.725290298461914e-08, 0.6888431906700134, 0.4654175937175751, 0.5557712316513062, 0.06164019927382469, 0.72629314661026, -0.6846158504486084, -0.7222850322723389, 0.5058504939079285, 0.47161373496055603),
            ["Head"] = CFrame.new(-1.1175870895385742e-08, -1.1920928955078125e-07, -2.421438694000244e-08, 0.9424340724945068, 0.12169395387172699, -0.3114624619483948, -0.14411216974258423, 0.9883018136024475, -0.049912333488464355, 0.3017447292804718, 0.09192468971014023, 0.9489467740058899),
            ["LowerTorso"] = CFrame.new(0.19267742335796356, -0.33878660202026367, -0.002089979825541377, 0.9373953342437744, -0.020463356748223305, 0.347665399312973, 0.02435815893113613, 0.9996799230575562, -0.006835192907601595, -0.34741443395614624, 0.014875625260174274, 0.9375937581062317),
            ["UpperTorso"] = CFrame.new(-1.5133991837501526e-08, 1.1920928955078125e-07, 1.257285475730896e-08, 0.9914948344230652, -0.12949508428573608, -0.013004831038415432, 0.1289806216955185, 0.9910401105880737, -0.03469180315732956, 0.017380937933921814, 0.03271942213177681, 0.9993134140968323),
            ["HumanoidRootPart"] = CFrame.new(0, 0, 0, 1, 0, 0, 0, 1, 0, 0, 0, 1),
            ["RightUpperLeg"] = CFrame.new(-0.000025570392608642578, -0.0001252465881407261, -0.004997497424483299, 0.9851202368736267, 0.16348488628864288, -0.05301576852798462, -0.17112259566783905, 0.9043517112731934, -0.3909795582294464, -0.01597408950328827, 0.39423441886901855, 0.918871283531189),
            ["LeftUpperArm"] = CFrame.new(-1.1920928955078125e-07, -0.06523787975311279, 2.2351741790771484e-08, 0.39577192068099976, 0.5652908086776733, -0.7237477898597717, 0.3402835428714752, 0.6417279243469238, 0.6873080730438232, 0.8529782295227051, -0.5182969570159912, 0.06161908060312271),
            ["RightLowerArm"] = CFrame.new(-5.960464477539063e-08, 5.364418029785156e-07, 1.4901161193847656e-08, 1, 1.1920936060505483e-07, 5.960465188081798e-08, 2.0861619987044833e-07, 0.9922300577163696, -0.12441740930080414, 1.5646214990283625e-07, 0.1244175136089325, 0.9922300577163696),
            ["LeftHand"] = CFrame.new(4.470348358154297e-08, 1.1920928955078125e-07, 7.078051567077637e-08, 0.541246235370636, -0.5978682637214661, -0.5912747383117676, 0.6773639917373657, 0.7266510725021362, -0.11470351368188858, 0.49822747707366943, -0.3384254574775696, 0.7982714772224426),
            ["LeftFoot"] = CFrame.new(2.7939677238464355e-08, 0, -2.60770320892334e-08, 0.9974775910377502, 0.04620318487286568, -0.05388662964105606, -0.039636872708797455, 0.9923253655433655, 0.11713023483753204, 0.05888460576534271, -0.11469898372888565, 0.9916536211967468),
            ["RightHand"] = CFrame.new(0, -2.980232238769531e-07, -7.450580596923828e-08, 0.42217618227005005, -0.3928425908088684, 0.8169711828231812, 0.4205138087272644, 0.8832595348358154, 0.2074136584997177, -0.8030787110328674, 0.255982905626297, 0.5380871295928955),
            ["RightLowerLeg"] = CFrame.new(-5.960464477539063e-08, 0, 3.894820110872388e-08, 1, -7.45057437967489e-09, 1.192092469182171e-07, 4.6193582647902076e-07, 0.4053880274295807, 0.9141446352005005, -4.4703469370688254e-08, -0.91414475440979, 0.405388206243515),
            ["LeftUpperLeg"] = CFrame.new(0.000025451183319091797, 0.00012595229782164097, 0.004997500218451023, 0.9803997278213501, 0.07864736765623093, 0.18064112961292267, 0.09391728788614273, 0.6194351315498352, -0.7794098258018494, -0.17319370806217194, 0.7810983657836914, 0.5999075770378113),
            ["LeftLowerLeg"] = CFrame.new(-5.960464477539063e-08, 0, 5.960464477539063e-08, 1, 3.5390254282674505e-08, 1.862645149230957e-08, -5.2154071283894154e-08, 0.7172750234603882, 0.6967900991439819, 5.960465188081798e-08, -0.6967902183532715, 0.7172751426696777),
        }},
        {Time = 0.133, Data = {
            ["RightFoot"] = CFrame.new(6.705522537231445e-08, 4.172325134277344e-07, -1.3205863069742918e-08, 0.9854996204376221, -0.15205180644989014, -0.07530632615089417, 0.05947231501340866, 0.7251970171928406, -0.6859678030014038, 0.15891419351100922, 0.6715425848960876, 0.7237245440483093),
            ["LeftLowerArm"] = CFrame.new(2.9802322387695312e-08, 5.960464477539063e-08, 1.6391277313232422e-07, 1, -4.842875682697922e-07, -1.5087418603343394e-07, 5.215404144109925e-07, -0.28633853793144226, -0.9581287503242493, -1.0430807861894209e-07, 0.9581285119056702, -0.2863379418849945),
            ["RightUpperArm"] = CFrame.new(-1.1920928955078125e-07, -0.06523799896240234, -5.21540641784668e-08, 0.683570146560669, 0.45745712518692017, 0.5687397718429565, 0.06456739455461502, 0.738263726234436, -0.6714146733283997, -0.7270232439041138, 0.4956810176372528, 0.47511839866638184),
            ["Head"] = CFrame.new(4.0978193283081055e-08, 0, -1.1641532182693481e-08, 0.936537504196167, 0.1468287706375122, -0.31833791732788086, -0.1479078233242035, 0.9887798428535461, 0.02092164009809494, 0.3178378641605377, 0.02749084308743477, 0.9477465152740479),
            ["LowerTorso"] = CFrame.new(0.1976315826177597, -0.3412659168243408, -0.01097921933978796, 0.9301072955131531, -0.01607479155063629, 0.36693599820137024, 0.02650115266442299, 0.99937504529953, -0.023394018411636353, -0.36633071303367615, 0.03148302063345909, 0.9299519658088684),
            ["UpperTorso"] = CFrame.new(-3.3993273973464966e-08, 1.7881393432617188e-07, 1.1990778148174286e-08, 0.9903954267501831, -0.13734282553195953, -0.015936914831399918, 0.1366998255252838, 0.9899529814720154, -0.03614317253232002, 0.020740926265716553, 0.03361758217215538, 0.999219536781311),
            ["HumanoidRootPart"] = CFrame.new(0, 0, 0, 1, 0, 0, 0, 1, 0, 0, 0, 1),
            ["RightUpperLeg"] = CFrame.new(-0.000025540590286254883, -0.0001255362294614315, -0.0049974508583545685, 0.9839857220649719, 0.1623806357383728, -0.07351509481668472, -0.17803578078746796, 0.9154173731803894, -0.36099064350128174, 0.008679363876581192, 0.36829832196235657, 0.9296672940254211),
            ["LeftUpperArm"] = CFrame.new(1.1920928955078125e-07, -0.06523764133453369, 3.725290298461914e-08, 0.40171146392822266, 0.562478244304657, -0.7226658463478088, 0.3481875956058502, 0.6360589265823364, 0.6886175870895386, 0.8469907641410828, -0.5282492637634277, 0.059664130210876465),
            ["RightLowerArm"] = CFrame.new(-1.7881393432617188e-07, 0, 3.5762786865234375e-07, 1, -2.980232594040899e-08, 8.940698137394065e-08, 0, 0.9922610521316528, -0.12416909635066986, 1.639127589214695e-07, 0.12416952103376389, 0.9922611117362976),
            ["LeftHand"] = CFrame.new(-5.960464477539063e-08, 0, 2.3469328880310059e-07, 0.5359634160995483, -0.5917831659317017, -0.6021099090576172, 0.6724056601524353, 0.7304854393005371, -0.11942072957754135, 0.5105035305023193, -0.3408574163913727, 0.7894317507743835),
            ["LeftFoot"] = CFrame.new(5.587935447692871e-09, 5.960464477539063e-08, 5.587935447692871e-08, 0.9976580739021301, 0.04169299826025963, -0.05422266200184822, -0.03502589091658592, 0.9923285245895386, 0.11856342107057571, 0.05874978378415108, -0.11638660728931427, 0.9914649128913879),
            ["RightHand"] = CFrame.new(-2.9802322387695312e-08, 1.1920928955078125e-07, 0, 0.4377546012401581, -0.4067799150943756, 0.8018110990524292, 0.42575058341026306, 0.8792603015899658, 0.21363011002540588, -0.791901171207428, 0.24785378575325012, 0.5580871105194092),
            ["RightLowerLeg"] = CFrame.new(8.940696716308594e-08, -1.1920928955078125e-07, 1.1345400707796216e-07, 1, -1.1175865211043856e-07, 1.5646223516796454e-07, 4.097818759873917e-07, 0.4116455018520355, 0.911344051361084, -8.195637946073475e-08, -0.9113441109657288, 0.4116455316543579),
            ["LeftUpperLeg"] = CFrame.new(0.000025510787963867188, 0.0001257471740245819, 0.004997463896870613, 0.9842332601547241, 0.0681600496172905, 0.1632160246372223, 0.0848444476723671, 0.6277402639389038, -0.773784875869751, -0.15519827604293823, 0.7754330039024353, 0.6120601296424866),
            ["LeftLowerLeg"] = CFrame.new(1.4901161193847656e-08, -1.1920928955078125e-07, -4.470348358154297e-08, 1, 2.60770320892334e-08, -2.23517560016262e-08, -5.2154071283894154e-08, 0.7138751745223999, 0.700272798538208, 4.4703490686970326e-08, -0.7002729773521423, 0.7138753533363342),
        }},
        {Time = 0.167, Data = {
            ["RightFoot"] = CFrame.new(2.2351741790771484e-08, 2.980232238769531e-07, -5.75528247281909e-09, 0.985264778137207, -0.1535959392786026, -0.07524510473012924, 0.0651339516043663, 0.7437335848808289, -0.6652953028678894, 0.15814846754074097, 0.6505910754203796, 0.7427788376808167),
            ["LeftLowerArm"] = CFrame.new(0, -2.384185791015625e-07, 3.5762786865234375e-07, 1, -3.352758994878968e-07, 2.076848346632687e-07, 1.639126594454865e-07, -0.2853294610977173, -0.9584295153617859, 0, 0.9584294557571411, -0.2853294312953949),
            ["RightUpperArm"] = CFrame.new(-5.960464477539063e-08, -0.06523799896240234, 6.705522537231445e-08, 0.670742928981781, 0.44728201627731323, 0.5916440486907959, 0.0871620625257492, 0.7446343302726746, -0.6617573499679565, -0.7365505695343018, 0.4954376816749573, 0.460472047328949),
            ["Head"] = CFrame.new(-1.30385160446167e-08, -1.1920928955078125e-07, -3.725290298461914e-09, 0.9334927797317505, 0.17081385850906372, -0.3152998089790344, -0.15181605517864227, 0.9848280549049377, 0.08405724167823792, 0.32487431168556213, -0.030599195510149002, 0.94526207447052),
            ["LowerTorso"] = CFrame.new(0.20353808999061584, -0.31359219551086426, -0.01426942739635706, 0.9254940748214722, -0.014862047508358955, 0.37847036123275757, 0.0262971930205822, 0.9993399381637573, -0.02506302110850811, -0.37784814834594727, 0.033148229122161865, 0.9252740144729614),
            ["UpperTorso"] = CFrame.new(-1.021544449031353e-08, 4.470348358154297e-07, -7.101334631443024e-09, 0.9896088242530823, -0.1424131840467453, -0.01982286013662815, 0.14162950217723846, 0.9892462491989136, -0.03651130944490433, 0.024809647351503372, 0.03332452103495598, 0.9991366863250732),
            ["HumanoidRootPart"] = CFrame.new(0, 0, 0, 1, 0, 0, 0, 1, 0, 0, 0, 1),
            ["RightUpperLeg"] = CFrame.new(-0.000025391578674316406, -0.00012561678886413574, -0.004997486248612404, 0.9836096167564392, 0.16164956986904144, -0.07988440990447998, -0.1790485382080078, 0.9279766082763672, -0.32680410146713257, 0.021303342655301094, 0.33575108647346497, 0.9417099952697754),
            ["LeftUpperArm"] = CFrame.new(5.960464477539063e-08, -0.06523776054382324, -1.564621925354004e-07, 0.4210672080516815, 0.552581787109375, -0.7192743420600891, 0.3559941053390503, 0.6286882162094116, 0.6913899183273315, 0.8342486023902893, -0.5471786856651306, 0.06800421327352524),
            ["RightLowerArm"] = CFrame.new(0, 0, 1.9371509552001953e-07, 1, -8.940695295223122e-08, 1.4901166522918174e-08, -2.2351738948600541e-07, 0.9917319416999817, -0.12832660973072052, 1.4901159417490817e-08, 0.12832678854465485, 0.9917320609092712),
            ["LeftHand"] = CFrame.new(-7.450580596923828e-08, 0, -1.9837170839309692e-07, 0.5177415013313293, -0.5925185680389404, -0.6171435117721558, 0.6778964400291443, 0.7241784930229187, -0.12657365202903748, 0.5219196081161499, -0.35282784700393677, 0.7766035199165344),
            ["LeftFoot"] = CFrame.new(4.284083843231201e-08, 5.960464477539063e-08, 3.3527612686157227e-08, 0.9975243210792542, 0.040635619312524796, -0.0573931448161602, -0.030136793851852417, 0.9844256043434143, 0.17319956421852112, 0.06353705376386642, -0.1710413247346878, 0.9832130670547485),
            ["RightHand"] = CFrame.new(-2.2351741790771484e-08, -2.384185791015625e-07, 6.705522537231445e-08, 0.4470687508583069, -0.3952188491821289, 0.8024536967277527, 0.4144132137298584, 0.8865272402763367, 0.20574502646923065, -0.7927113175392151, 0.24056491255760193, 0.5601224899291992),
            ["RightLowerLeg"] = CFrame.new(-1.4901161193847656e-08, -5.960464477539063e-08, -2.8107024263590574e-08, 1, -4.4703462265260896e-08, 2.2351741790771484e-07, 4.693864070759446e-07, 0.46844321489334106, 0.8834935426712036, -5.960462345910855e-08, -0.8834936618804932, 0.4684433341026306),
            ["LeftUpperLeg"] = CFrame.new(0.000025510787963867188, 0.0001256528776139021, 0.004997458308935165, 0.985427737236023, 0.05639571696519852, 0.1604740470647812, 0.08300133049488068, 0.6640565991401672, -0.7430611848831177, -0.14846909046173096, 0.7455523610115051, 0.6496984958648682),
            ["LeftLowerLeg"] = CFrame.new(0, -1.1920928955078125e-07, -4.470348358154297e-08, 1, 6.891787052154541e-08, -1.862645149230957e-08, -5.960464477539063e-08, 0.7695372700691223, 0.6386018395423889, 1.4901161193847656e-08, -0.6386019587516785, 0.7695373892784119),
        }},
        {Time = 0.200, Data = {
            ["RightFoot"] = CFrame.new(-2.60770320892334e-08, 2.384185791015625e-07, -2.0656443666666746e-08, 0.9856520891189575, -0.1501988172531128, -0.07701002806425095, 0.07225590944290161, 0.7877917885780334, -0.611688494682312, 0.15254215896129608, 0.5973477959632874, 0.7873414754867554),
            ["LeftLowerArm"] = CFrame.new(5.960464477539063e-08, 1.1920928955078125e-07, -8.940696716308594e-08, 1, -2.8312194899626775e-07, -1.2689267236964952e-07, 4.1723239974089665e-07, -0.2849333882331848, -0.9585475325584412, 5.960463056453591e-08, 0.9585472941398621, -0.28493279218673706),
            ["RightUpperArm"] = CFrame.new(0, -0.06523776054382324, 0, 0.6558494567871094, 0.4409558176994324, 0.6127146482467651, 0.10784635692834854, 0.7486023902893066, -0.6541895866394043, -0.7471483945846558, 0.49512889981269836, 0.4434148669242859),
            ["Head"] = CFrame.new(-4.6566128730773926e-09, 0, -8.381903171539307e-09, 0.9319495558738708, 0.18908149003982544, -0.30938342213630676, -0.15560322999954224, 0.9792599081993103, 0.12976031005382538, 0.32750219106674194, -0.07278882712125778, 0.9420425891876221),
            ["LowerTorso"] = CFrame.new(0.20967398583889008, -0.2562754154205322, -0.007003489416092634, 0.9221034646034241, -0.014857515692710876, 0.3866581618785858, 0.02517727203667164, 0.9994487762451172, -0.021638380363583565, -0.3861235976219177, 0.02968767285346985, 0.9219691753387451),
            ["UpperTorso"] = CFrame.new(-1.4435499906539917e-08, -8.940696716308594e-08, -1.0244548320770264e-08, 0.9889379143714905, -0.1462550014257431, -0.02472505532205105, 0.1452804058790207, 0.9886813163757324, -0.03745483234524727, 0.02992318756878376, 0.033448509871959686, 0.998992383480072),
            ["HumanoidRootPart"] = CFrame.new(0, 0, 0, 1, 0, 0, 0, 1, 0, 0, 0, 1),
            ["RightUpperLeg"] = CFrame.new(-0.000025540590286254883, -0.0001256749965250492, -0.0049975235015153885, 0.9842709302902222, 0.1595739871263504, -0.07580877840518951, -0.17447979748249054, 0.9453429579734802, -0.2754693031311035, 0.027707630768418312, 0.2843639850616455, 0.9583160877227783),
            ["LeftUpperArm"] = CFrame.new(0, -0.06523776054382324, 1.4901161193847656e-08, 0.43235617876052856, 0.5454222559928894, -0.7180408835411072, 0.36438384652137756, 0.6227167248725891, 0.692422091960907, 0.8247985243797302, -0.5610156059265137, 0.07049224525690079),
            ["RightLowerArm"] = CFrame.new(1.1920928955078125e-07, -1.1920928955078125e-07, 2.2351741790771484e-08, 1, 1.3411050758804777e-07, -6.705525379402388e-08, 7.4505820180093e-08, 0.9909602403640747, -0.1341565102338791, -4.4703494239684005e-08, 0.13415665924549103, 0.9909602403640747),
            ["LeftHand"] = CFrame.new(-2.9802322387695312e-08, 1.1920928955078125e-07, 6.775371730327606e-08, 0.5087910294532776, -0.589028537273407, -0.6278355121612549, 0.6789833903312683, 0.7229108214378357, -0.1279873549938202, 0.5292572379112244, -0.3611721098423004, 0.7677510976791382),
            ["LeftFoot"] = CFrame.new(7.450580596923828e-09, 0, -2.2351741790771484e-08, 0.9964141249656677, 0.055448852479457855, -0.06390977650880814, -0.02986646443605423, 0.937210202217102, 0.34748363494873047, 0.07916421443223953, -0.3443291485309601, 0.9355056285858154),
            ["RightHand"] = CFrame.new(2.3096799850463867e-07, -1.1920928955078125e-07, 4.470348358154297e-08, 0.45866069197654724, -0.37240085005760193, 0.8068135976791382, 0.39452865719795227, 0.8988945484161377, 0.19061937928199768, -0.7962270379066467, 0.2308817207813263, 0.5592103600502014),
            ["RightLowerLeg"] = CFrame.new(-1.043081283569336e-07, 2.384185791015625e-07, -7.281050784513354e-08, 1, -4.470344805440618e-08, 2.1606678046737215e-07, 4.619358833224396e-07, 0.5776888728141785, 0.8162568807601929, -3.7252894102834944e-09, -0.8162570595741272, 0.5776891112327576),
            ["LeftUpperLeg"] = CFrame.new(0.000025451183319091797, 0.00012558815069496632, 0.004997506737709045, 0.9830341339111328, 0.042340245097875595, 0.17846985161304474, 0.09286995232105255, 0.7241662740707397, -0.6833434104919434, -0.15817473828792572, 0.688324511051178, 0.7079479694366455),
            ["LeftLowerLeg"] = CFrame.new(-1.4901161193847656e-08, 1.1920928955078125e-07, 1.9371509552001953e-07, 1, 4.284083843231201e-08, 1.862645815364772e-09, -4.4703494239684005e-08, 0.869445264339447, 0.49402910470962524, 6.705523958316917e-08, -0.4940294027328491, 0.8694454431533813),
        }},
        {Time = 0.233, Data = {
            ["RightFoot"] = CFrame.new(3.3527612686157227e-08, 2.980232238769531e-07, 4.639878170564771e-08, 0.9861822128295898, -0.14533677697181702, -0.07951284945011139, 0.07714931666851044, 0.8276419639587402, -0.555928647518158, 0.14660431444644928, 0.5421127080917358, 0.8274182677268982),
            ["LeftLowerArm"] = CFrame.new(1.1920928955078125e-07, -2.384185791015625e-07, -1.7881393432617188e-07, 1, -2.2351738948600541e-07, 8.381905303167514e-08, 1.4901158351676713e-07, -0.2885381877422333, -0.957468569278717, 5.960463056453591e-08, 0.9574683904647827, -0.2885378897190094),
            ["RightUpperArm"] = CFrame.new(0, -0.06523799896240234, -3.166496753692627e-08, 0.6449514031410217, 0.44202303886413574, 0.6234205365180969, 0.11778663098812103, 0.7485148906707764, -0.6525734663009644, -0.7550921440124512, 0.4943087697029114, 0.430691123008728),
            ["Head"] = CFrame.new(6.332993507385254e-08, 2.384185791015625e-07, -3.259629011154175e-08, 0.9316164255142212, 0.1935918927192688, -0.30759260058403015, -0.15912951529026031, 0.9781661629676819, 0.13367457687854767, 0.3267548978328705, -0.07558628171682358, 0.9420816898345947),
            ["LowerTorso"] = CFrame.new(0.21572387218475342, -0.20792818069458008, 0.012326650321483612, 0.9215437173843384, -0.0148457707837224, 0.3879907429218292, 0.022372549399733543, 0.9996388554573059, -0.014889078214764595, -0.3876296877861023, 0.02240114100277424, 0.9215430021286011),
            ["UpperTorso"] = CFrame.new(6.05359673500061e-08, 2.9802322387695312e-08, -1.1175870895385742e-08, 0.9885131120681763, -0.14892302453517914, -0.025763899087905884, 0.1479409784078598, 0.9883202314376831, -0.036558281630277634, 0.030907658860087395, 0.0323268324136734, 0.9989993572235107),
            ["HumanoidRootPart"] = CFrame.new(0, 0, 0, 1, 0, 0, 0, 1, 0, 0, 0, 1),
            ["RightUpperLeg"] = CFrame.new(-0.0000254213809967041, -0.0001256680116057396, -0.004997525364160538, 0.9856129288673401, 0.1554272472858429, -0.06640396267175674, -0.16707263886928558, 0.9553676843643188, -0.2436377853155136, 0.02557271346449852, 0.25122690200805664, 0.9675904512405396),
            ["LeftUpperArm"] = CFrame.new(2.980232238769531e-07, -0.0652381181716919, 5.774199962615967e-08, 0.4344627857208252, 0.5431647896766663, -0.7184799313545227, 0.3683856129646301, 0.6207663416862488, 0.6920560598373413, 0.8219088912010193, -0.5653505325317383, 0.06960589438676834),
            ["RightLowerArm"] = CFrame.new(-3.5762786865234375e-07, -1.7881393432617188e-07, 1.1920928955078125e-07, 1, 1.3411046495548362e-07, -2.8684740982498624e-07, 2.2351741790771484e-07, 0.9905568957328796, -0.13710230588912964, -2.384185791015625e-07, 0.13710282742977142, 0.9905568957328796),
            ["LeftHand"] = CFrame.new(2.9802322387695312e-08, 1.1920928955078125e-07, -1.1362135410308838e-07, 0.5072938203811646, -0.5854548215866089, -0.6323730945587158, 0.6809351444244385, 0.7220689654350281, -0.12224525213241577, 0.5281859636306763, -0.36859068274497986, 0.7649577856063843),
            ["LeftFoot"] = CFrame.new(1.1175870895385742e-08, -5.960464477539063e-08, -8.195638656616211e-08, 0.9929009675979614, 0.09383790194988251, -0.0730905532836914, -0.03727767989039421, 0.8290321826934814, 0.557957112789154, 0.11295178532600403, -0.551271378993988, 0.8266448378562927),
            ["RightHand"] = CFrame.new(2.9802322387695312e-08, 1.1920928955078125e-07, -2.2351741790771484e-07, 0.46389904618263245, -0.35954079031944275, 0.8096469044685364, 0.38305097818374634, 0.9054937362670898, 0.18262900412082672, -0.7987926602363586, 0.2254141867160797, 0.5577800869941711),
            ["RightLowerLeg"] = CFrame.new(5.21540641784668e-08, 1.1920928955078125e-07, 3.149762051180005e-08, 1, 8.195634393359796e-08, 2.0861615723788418e-07, 4.693864070759446e-07, 0.6635507941246033, 0.7481309175491333, -1.192092469182171e-07, -0.748131275177002, 0.6635511517524719),
            ["LeftUpperLeg"] = CFrame.new(0.000025510787963867188, 0.00012576207518577576, 0.004997508600354195, 0.9728739857673645, 0.030614418908953667, 0.22930176556110382, 0.12162774801254272, 0.7754595279693604, -0.6195721626281738, -0.19678175449371338, 0.6306547522544861, 0.7507004737854004),
            ["LeftLowerLeg"] = CFrame.new(5.21540641784668e-08, 0, 1.4901161193847656e-08, 1, -2.980232949312267e-08, -1.862645326866641e-08, -4.4703490686970326e-08, 0.9478983879089355, 0.31857308745384216, 5.960465188081798e-08, -0.3185729384422302, 0.9478983283042908),
        }},
        {Time = 0.267, Data = {
            ["RightFoot"] = CFrame.new(3.725290298461914e-09, 3.5762786865234375e-07, 4.639878170564771e-08, 0.9865269064903259, -0.14107955992221832, -0.08283417671918869, 0.07783213257789612, 0.8500822186470032, -0.5208675265312195, 0.14389896392822266, 0.5074020624160767, 0.8496091365814209),
            ["LeftLowerArm"] = CFrame.new(-5.960464477539063e-08, -3.5762786865234375e-07, -1.1920928955078125e-07, 1, -2.384184938364342e-07, -1.6670672664531594e-07, 3.278253473126824e-07, -0.29099127650260925, -0.9567257761955261, 5.960460924825384e-08, 0.9567256569862366, -0.2909910976886749),
            ["RightUpperArm"] = CFrame.new(-5.960464477539063e-08, -0.06523823738098145, -4.842877388000488e-08, 0.6566270589828491, 0.44895899295806885, 0.6060337424278259, 0.12708279490470886, 0.7261798977851868, -0.6756572127342224, -0.743431806564331, 0.5206714272499084, 0.4197743237018585),
            ["Head"] = CFrame.new(-2.421438694000244e-08, 0, -5.541369318962097e-08, 0.9312203526496887, 0.19249679148197174, -0.3094728887081146, -0.16330325603485107, 0.9795082211494446, 0.11788085103034973, 0.3258230686187744, -0.059234995394945145, 0.9435733556747437),
            ["LowerTorso"] = CFrame.new(0.22183109819889069, -0.18364500999450684, 0.04001949355006218, 0.9209747314453125, -0.01518592331558466, 0.3893263041973114, 0.01913987658917904, 0.9997971057891846, -0.006278687622398138, -0.38915202021598816, 0.01323401927947998, 0.9210785031318665),
            ["UpperTorso"] = CFrame.new(-5.587935447692871e-09, -5.960464477539063e-08, -3.725290298461914e-09, 0.9882193803787231, -0.1506788432598114, -0.02680644579231739, 0.14981748163700104, 0.9882062077522278, -0.03167539834976196, 0.03126312419772148, 0.02728625386953354, 0.9991387724876404),
            ["HumanoidRootPart"] = CFrame.new(0, 0, 0, 1, 0, 0, 0, 1, 0, 0, 0, 1),
            ["RightUpperLeg"] = CFrame.new(-0.000025451183319091797, -0.0001257259864360094, -0.004997505806386471, 0.9868847131729126, 0.149075448513031, -0.061927370727062225, -0.1598612368106842, 0.955834686756134, -0.24662604928016663, 0.02242668904364109, 0.25329160690307617, 0.9671301245689392),
            ["LeftUpperArm"] = CFrame.new(-2.384185791015625e-07, -0.065238356590271, -1.2293457984924316e-07, 0.4295463263988495, 0.5435566902160645, -0.7211355566978455, 0.37086543440818787, 0.6219267845153809, 0.6896851658821106, 0.8233765363693237, -0.5636959671974182, 0.06555990129709244),
            ["RightLowerArm"] = CFrame.new(-1.7881393432617188e-07, -2.384185791015625e-07, 2.2351741790771484e-08, 1, 7.450581307466564e-08, -1.1920930376163597e-07, 1.4901166522918174e-08, 0.9905568361282349, -0.13710302114486694, -7.450583439094771e-08, 0.13710279762744904, 0.9905568957328796),
            ["LeftHand"] = CFrame.new(-2.9802322387695312e-08, 1.1920928955078125e-07, 1.4901161193847656e-07, 0.5123321413993835, -0.5779743194580078, -0.6351862549781799, 0.6784744262695312, 0.7258458733558655, -0.11322135478258133, 0.5264868140220642, -0.37295225262641907, 0.7640154361724854),
            ["LeftFoot"] = CFrame.new(0, 0, 1.4901161193847656e-08, 0.9946480393409729, 0.10331374406814575, -0.0012705550761893392, -0.08343138545751572, 0.8103664517402649, 0.5799527168273926, 0.060946498066186905, -0.5767431259155273, 0.8146491646766663),
            ["RightHand"] = CFrame.new(-1.862645149230957e-07, -1.7881393432617188e-07, -8.940696716308594e-08, 0.4633561074733734, -0.35889267921447754, 0.8102453351020813, 0.38158702850341797, 0.9060174226760864, 0.18309557437896729, -0.7998079061508179, 0.2243404984474182, 0.5567572116851807),
            ["RightLowerLeg"] = CFrame.new(-9.685754776000977e-08, 0, -2.8107024263590574e-08, 1, 5.2154039309471045e-08, 1.5646206463770795e-07, 3.5762786865234375e-07, 0.6985414624214172, 0.7155694961547852, 2.2351741790771484e-08, -0.7155696153640747, 0.6985415816307068),
