return {
    ["I Wanna Run Away"] = {
        {Time = 0.000, Data = {
            ["LeftFoot"] = CFrame.new(0, -5.960464477539063e-08, -4.033790901303291e-08, 0.8458662629127502, -0.4501139223575592, 0.28619542717933655, 0.5090055465698242, 0.841551661491394, -0.1808430701494217, -0.15944825112819672, 0.298644095659256, 0.9409505724906921),
            ["LeftLowerArm"] = CFrame.new(-8.046627044677734e-07, 3.5762786865234375e-07, -0.0000017285346984863281, 1, -1.955777406692505e-08, -5.3551048040390015e-09, 2.9802322387695312e-08, 0.9713975191116333, -0.23745934665203094, 2.2351741790771484e-08, 0.23745936155319214, 0.9713975787162781),
            ["LowerTorso"] = CFrame.new(0.31976932287216187, -0.16299057006835938, -0.18535840511322021, 0.8169751763343811, -0.19846083223819733, -0.5414472222328186, 0.10252896696329117, 0.9739450216293335, -0.20228441059589386, 0.5674853324890137, 0.10974729806184769, 0.8160367608070374),
            ["Head"] = CFrame.new(-3.213062882423401e-08, -2.384185791015625e-07, -5.494803190231323e-08, 0.8487032651901245, 0.01647421531379223, 0.5286127924919128, -0.18202589452266693, 0.947547435760498, 0.26271769404411316, -0.4965576231479645, -0.3191906213760376, 0.8071852922439575),
            ["RightUpperLeg"] = CFrame.new(5.960464477539063e-08, 3.5390257835388184e-07, -0.000002370979927945882, 0.9018330574035645, -0.21083121001720428, -0.3771570026874542, 0.24469992518424988, 0.9686156511306763, 0.043652940541505814, 0.35611674189567566, -0.13165803253650665, 0.9251199960708618),
            ["UpperTorso"] = CFrame.new(0, 2.9802322387695312e-08, -4.470348358154297e-08, 0.9966158866882324, 0.08218342065811157, 0.001641508424654603, -0.08202368021011353, 0.9929752945899963, 0.08527802675962448, 0.005378441885113716, -0.08512409031391144, 0.9963558316230774),
            ["HumanoidRootPart"] = CFrame.new(0, 0, 0, 1, 0, 0, 0, 1, 0, 0, 0, 1),
            ["RightHand"] = CFrame.new(-3.725290298461914e-07, -3.5762786865234375e-07, -7.636845111846924e-08, 0.6046568751335144, 0.113649882376194, -0.7883361577987671, -0.22118638455867767, 0.9747967720031738, -0.029119908809661865, 0.7651579976081848, 0.19197681546211243, 0.6145553588867188),
            ["LeftUpperArm"] = CFrame.new(5.960464477539063e-08, -2.384185791015625e-07, -5.960464477539063e-08, 0.9864086508750916, 0.09518750011920929, 0.13393084704875946, -0.13837283849716187, 0.9207848310470581, 0.36470282077789307, -0.08860637992620468, -0.378278523683548, 0.9214414954185486),
            ["RightLowerArm"] = CFrame.new(-2.9802322387695312e-08, 1.7881393432617188e-07, 5.513429641723633e-07, 1, -4.062894376488657e-08, 1.2107190805465962e-08, 3.795139136286707e-08, 0.8789868950843811, -0.4768456220626831, 1.6763804566721774e-08, 0.4768458306789398, 0.8789870142936707),
            ["LeftHand"] = CFrame.new(-1.043081283569336e-07, 4.172325134277344e-07, -3.725290298461914e-08, 0.8862130045890808, -0.30801451206207275, 0.34605440497398376, 0.2679847478866577, 0.9501426815986633, 0.15941497683525085, -0.37790316343307495, -0.048538289964199066, 0.9245719909667969),
            ["RightUpperArm"] = CFrame.new(-1.1920928955078125e-07, -2.384185791015625e-07, -1.1920928955078125e-07, 0.8150805234909058, -0.37175488471984863, 0.44434458017349243, 0.14312145113945007, 0.8724081516265869, 0.4673546552658081, -0.5613912343978882, -0.3173365592956543, 0.7642889022827148),
            ["LeftUpperLeg"] = CFrame.new(0, -1.30385160446167e-07, 6.556510925292969e-07, 0.7601026296615601, 0.5730670690536499, 0.3063300848007202, -0.594284176826477, 0.8037330508232117, -0.028975192457437515, -0.2628123164176941, -0.1600230187177658, 0.9514842629432678),
            ["RightLowerLeg"] = CFrame.new(2.9802322387695312e-08, -0.00006031990051269531, -0.0000714791749487631, 1, -1.043081283569336e-07, -7.450580596923828e-08, 7.450580596923828e-08, 0.7962801456451416, 0.6049277782440186, -1.4901161193847656e-08, -0.6049281358718872, 0.7962803840637207),
            ["RightFoot"] = CFrame.new(-1.4156103134155273e-07, 5.364418029785156e-07, 9.110226528719068e-08, 0.9639562964439392, 0.20461469888687134, -0.17006273567676544, -0.25324779748916626, 0.9015995860099792, -0.35069015622138977, 0.08157218247652054, 0.3811182379722595, 0.9209208488464355),
            ["LeftLowerLeg"] = CFrame.new(5.21540641784668e-08, 0.000060677528381347656, 0.00007176399230957031, 1, 2.60770320892334e-08, 2.8579961508512497e-08, -4.470348358154297e-08, 0.8373904228210449, 0.5466052293777466, 0, -0.5466052293777466, 0.8373904228210449),
        }},
        {Time = 0.033, Data = {
            ["LeftFoot"] = CFrame.new(4.470348358154297e-08, -5.960464477539063e-08, -3.507011570036411e-08, 0.8470456600189209, -0.4494989514350891, 0.283662348985672, 0.5071287155151367, 0.8432760238647461, -0.1780620813369751, -0.15916694700717926, 0.29468005895614624, 0.9422470331192017),
            ["LeftLowerArm"] = CFrame.new(-5.960464477539062e-07, 5.960464477539063e-08, -0.0000016689300537109375, 1, -2.421438694000244e-08, 1.6065317964830683e-08, 2.9802322387695312e-08, 0.9722172021865845, -0.23408102989196777, -1.1175870895385742e-08, 0.23408091068267822, 0.9722172021865845),
            ["LowerTorso"] = CFrame.new(0.3192124366760254, -0.16225719451904297, -0.18605585396289825, 0.8176943063735962, -0.19782117009162903, -0.5405949950218201, 0.10124228149652481, 0.9738812446594238, -0.20323733985424042, 0.5666800141334534, 0.11145493388175964, 0.8163648843765259),
            ["Head"] = CFrame.new(-6.752088665962219e-09, -1.1920928955078125e-07, -3.5390257835388184e-08, 0.8483392596244812, 0.016070282086730003, 0.5292091965675354, -0.18319477140903473, 0.9467090368270874, 0.26491865515708923, -0.4967496991157532, -0.3216891586780548, 0.8060742616653442),
            ["RightUpperLeg"] = CFrame.new(-2.9802322387695312e-08, 3.7439167499542236e-07, -0.0000024082328309305012, 0.9016531705856323, -0.21211270987987518, -0.3768685758113861, 0.24625563621520996, 0.9681949019432068, 0.04423480108380318, 0.3554994463920593, -0.13269053399562836, 0.9252098798751831),
            ["UpperTorso"] = CFrame.new(-7.450580596923828e-09, -2.9802322387695312e-08, -7.450580596923828e-08, 0.9968038201332092, 0.07988865673542023, -0.0002449647872708738, -0.07956390082836151, 0.9930201768875122, 0.08706656098365784, 0.007198889274150133, -0.08676883578300476, 0.9962024688720703),
            ["HumanoidRootPart"] = CFrame.new(0, 0, 0, 1, 0, 0, 0, 1, 0, 0, 0, 1),
            ["RightHand"] = CFrame.new(4.6566128730773926e-09, -1.7881393432617188e-07, 3.073364496231079e-08, 0.6036255955696106, 0.11474612355232239, -0.7889676094055176, -0.22512349486351013, 0.9738495945930481, -0.030602995306253433, 0.7648239731788635, 0.1960880160331726, 0.6136723160743713),
            ["LeftUpperArm"] = CFrame.new(5.960464477539063e-08, 1.1920928955078125e-07, -5.960464477539063e-08, 0.9856536388397217, 0.09604194015264511, 0.13879035413265228, -0.1405843049287796, 0.9222094416618347, 0.36023053526878357, -0.09339652210474014, -0.3745742440223694, 0.9224810600280762),
            ["RightLowerArm"] = CFrame.new(-2.384185791015625e-07, 0, 2.8312206268310547e-07, 1, -4.272442311048508e-08, 1.257285475730896e-08, 4.9360089349193004e-08, 0.8824782967567444, -0.47035324573516846, 1.2107191693644381e-08, 0.4703531861305237, 0.8824782371520996),
            ["LeftHand"] = CFrame.new(-1.4901161193847656e-07, 0, 4.470348358154297e-08, 0.8868833780288696, -0.3043487071990967, 0.34757712483406067, 0.266773521900177, 0.9516088962554932, 0.15255337953567505, -0.3771868646144867, -0.04257259890437126, 0.9251582622528076),
            ["RightUpperArm"] = CFrame.new(-5.960464477539063e-08, 0, -5.960464477539063e-08, 0.8175308108329773, -0.3679001033306122, 0.44304969906806946, 0.14358052611351013, 0.8752561807632446, 0.4618563950061798, -0.5576989650726318, -0.3139684498310089, 0.768372118473053),
            ["LeftUpperLeg"] = CFrame.new(0, 4.284083843231201e-08, 6.370246410369873e-07, 0.7607834339141846, 0.5721424221992493, 0.306368887424469, -0.593356728553772, 0.8044236302375793, -0.028817754238843918, -0.2629382312297821, -0.15986202657222748, 0.9514765739440918),
            ["RightLowerLeg"] = CFrame.new(1.341104507446289e-07, -0.00006031990051269531, -0.00007150152669055387, 1, -7.450581307466564e-08, -5.2154071283894154e-08, 7.450580596923828e-08, 0.7961031794548035, 0.6051605939865112, -3.3527612686157227e-08, -0.6051610112190247, 0.7961034774780273),
            ["RightFoot"] = CFrame.new(-7.450580596923828e-09, 3.5762786865234375e-07, 4.639878170564771e-08, 0.9638776779174805, 0.20435194671154022, -0.1708223968744278, -0.2531607449054718, 0.9022102355957031, -0.34917929768562317, 0.082762211561203, 0.3798118531703949, 0.9213542342185974),
            ["LeftLowerLeg"] = CFrame.new(5.21540641784668e-08, 0.000060617923736572266, 0.00007180869579315186, 1, 7.823110337312755e-08, 1.516309566795826e-08, -5.21540641784668e-08, 0.8373010158538818, 0.5467422604560852, 1.4901161193847656e-08, -0.5467422604560852, 0.8373009562492371),
        }},
        {Time = 0.067, Data = {
            ["LeftFoot"] = CFrame.new(7.450580596923828e-08, -5.960464477539063e-08, 7.916241884231567e-09, 0.8483456969261169, -0.4487476050853729, 0.2809540927410126, 0.5050342082977295, 0.8451632857322693, -0.17504148185253143, -0.1589026153087616, 0.2903870940208435, 0.9436236023902893),
            ["LeftLowerArm"] = CFrame.new(-7.152557373046875e-07, 4.172325134277344e-07, -0.0000017881393432617188, 1, -2.3283060812673284e-08, -1.0943039363553453e-08, 1.4901161193847656e-08, 0.9731840491294861, -0.23002798855304718, -1.1175870895385742e-08, 0.2300279289484024, 0.9731839895248413),
            ["LowerTorso"] = CFrame.new(0.3185679614543915, -0.16149663925170898, -0.18672601878643036, 0.8185676336288452, -0.1970631182193756, -0.5395491719245911, 0.09992280602455139, 0.973840057849884, -0.20408593118190765, 0.5656523704528809, 0.11314485967159271, 0.8168449401855469),
            ["Head"] = CFrame.new(9.778887033462524e-09, -2.384185791015625e-07, -5.634501576423645e-08, 0.8479294180870056, 0.015604780986905098, 0.5298795700073242, -0.18445409834384918, 0.9457901120185852, 0.2673158347606659, -0.49698343873023987, -0.3244033455848694, 0.8048415780067444),
            ["RightUpperLeg"] = CFrame.new(5.960464477539063e-08, 2.4121254682540894e-07, -0.00000228902354137972, 0.9013288021087646, -0.2143392264842987, -0.3763844072818756, 0.2487339973449707, 0.9675416946411133, 0.04465892165899277, 0.354595422744751, -0.13387206196784973, 0.9253866076469421),
            ["UpperTorso"] = CFrame.new(2.9802322387695312e-08, 8.940696716308594e-08, -7.450580596923828e-09, 0.997001588344574, 0.07735072076320648, -0.0021553433034569025, -0.07685178518295288, 0.993054211139679, 0.08909083902835846, 0.009031707420945168, -0.08865807950496674, 0.9960212111473083),
            ["HumanoidRootPart"] = CFrame.new(0, 0, 0, 1, 0, 0, 0, 1, 0, 0, 0, 1),
            ["RightHand"] = CFrame.new(-3.371387720108032e-07, 0, -8.381903171539307e-08, 0.6027148962020874, 0.11812803149223328, -0.7891646027565002, -0.23111069202423096, 0.9724352359771729, -0.030946366488933563, 0.7637556195259094, 0.20103634893894196, 0.6134017109870911),
            ["LeftUpperArm"] = CFrame.new(0, -1.1920928955078125e-07, -8.940696716308594e-08, 0.9847603440284729, 0.09666000306606293, 0.1445816308259964, -0.14290398359298706, 0.9235305190086365, 0.35590705275535583, -0.0991235300898552, -0.37114450335502625, 0.9232693910598755),
            ["RightLowerArm"] = CFrame.new(1.1920928955078125e-07, 2.384185791015625e-07, 2.384185791015625e-07, 1, -4.5751214372558024e-08, 1.1641530406336642e-08, 4.3306489061478715e-08, 0.8859292268753052, -0.46382030844688416, 7.450578820566989e-09, 0.46382036805152893, 0.8859293460845947),
            ["LeftHand"] = CFrame.new(1.1920928955078125e-07, 0, 1.1548399925231934e-07, 0.887457013130188, -0.30069294571876526, 0.34929051995277405, 0.2655712068080902, 0.9530215859413147, 0.14567774534225464, -0.3766856789588928, -0.03652116283774376, 0.9256210327148438),
            ["RightUpperArm"] = CFrame.new(0, -2.384185791015625e-07, -2.9802322387695312e-08, 0.8195069432258606, -0.36437591910362244, 0.4423105716705322, 0.14414361119270325, 0.8780768513679504, 0.45629340410232544, -0.5546450018882751, -0.3101795017719269, 0.7721125483512878),
            ["LeftUpperLeg"] = CFrame.new(5.960464477539063e-08, -1.1920928955078125e-07, 7.040798664093018e-07, 0.7616391181945801, 0.570995032787323, 0.3063834607601166, -0.5921410322189331, 0.805318295955658, -0.028836268931627274, -0.2632014751434326, -0.15945936739444733, 0.9514713287353516),
            ["RightLowerLeg"] = CFrame.new(-2.9802322387695312e-08, -0.00006008148193359375, -0.00007136741623980924, 1, -1.043081283569336e-07, -3.725290653733282e-08, 9.685754776000977e-08, 0.7957833409309387, 0.6055812239646912, 6.705522537231445e-08, -0.6055814623832703, 0.7957836389541626),
            ["RightFoot"] = CFrame.new(5.21540641784668e-08, 4.76837158203125e-07, 4.639878170564771e-08, 0.963736891746521, 0.2043026238679886, -0.17167390882968903, -0.2532976567745209, 0.9027901887893677, -0.34757736325263977, 0.08397457748651505, 0.3784579634666443, 0.9218015670776367),
            ["LeftLowerLeg"] = CFrame.new(-5.21540641784668e-08, 0.00006079673767089844, 0.00007189810276031494, 1, 7.82310962677002e-08, -1.3154931366443634e-08, -5.215405707303944e-08, 0.8371552228927612, 0.5469655990600586, 2.2351738238057806e-08, -0.5469655394554138, 0.8371551632881165),
        }},
        {Time = 0.100, Data = {
            ["LeftFoot"] = CFrame.new(-2.9802322387695312e-08, 0, -2.514570951461792e-08, 0.8497113585472107, -0.4479404091835022, 0.2781008780002594, 0.5028414130210876, 0.8471043705940247, -0.17194391787052155, -0.15855984389781952, 0.28594329953193665, 0.9450371861457825),
            ["LeftLowerArm"] = CFrame.new(-4.76837158203125e-07, 3.5762786865234375e-07, -0.0000016689300537109375, 1, -1.769513069405093e-08, -4.656612873077393e-10, 7.450581485102248e-09, 0.974060595035553, -0.22628730535507202, 3.539026138810186e-08, 0.226287379860878, 0.9740606546401978),
            ["LowerTorso"] = CFrame.new(0.31792891025543213, -0.1606752872467041, -0.1874973326921463, 0.8194019198417664, -0.1963365525007248, -0.5385465621948242, 0.09848246723413467, 0.9737610816955566, -0.20515988767147064, 0.5646960735321045, 0.11507101356983185, 0.8172374367713928),
            ["Head"] = CFrame.new(-2.1420419216156006e-08, 1.1920928955078125e-07, 1.7695128917694092e-08, 0.8475218415260315, 0.01506284810602665, 0.5305468440055847, -0.18578124046325684, 0.9447808861732483, 0.26995280385017395, -0.49718421697616577, -0.3273565173149109, 0.8035207390785217),
            ["RightUpperLeg"] = CFrame.new(-2.9802322387695312e-08, 2.775341272354126e-07, -0.0000023560787667520344, 0.9012076258659363, -0.2151981145143509, -0.3761844336986542, 0.24990583956241608, 0.9672055840492249, 0.04539326950907707, 0.3540790379047394, -0.13491952419281006, 0.9254322052001953),
            ["UpperTorso"] = CFrame.new(-7.450580596923828e-09, 0, 0, 0.9971920251846313, 0.07477148622274399, -0.0041803293861448765, -0.07408006489276886, 0.9930711388587952, 0.09122393280267715, 0.010972215794026852, -0.09065809100866318, 0.9958217144012451),
            ["HumanoidRootPart"] = CFrame.new(0, 0, 0, 1, 0, 0, 0, 1, 0, 0, 0, 1),
            ["RightHand"] = CFrame.new(9.313225746154785e-09, 1.1920928955078125e-07, -1.955777406692505e-08, 0.6013961434364319, 0.12517906725406647, -0.7890834808349609, -0.2408672571182251, 0.9701041579246521, -0.029679570347070694, 0.7617779970169067, 0.20791366696357727, 0.6135685443878174),
            ["LeftUpperArm"] = CFrame.new(0, 0, 2.9802322387695312e-08, 0.9839186668395996, 0.09790515899658203, 0.14939464628696442, -0.1452154666185379, 0.9254660606384277, 0.3498929738998413, -0.10400325059890747, -0.36596059799194336, 0.9248006343841553),
            ["RightLowerArm"] = CFrame.new(-2.086162567138672e-07, -1.7881393432617188e-07, 1.043081283569336e-07, 1, -5.133916403110561e-08, 6.170012056827545e-09, 1.3969836842875338e-08, 0.8897042870521545, -0.4565371870994568, 1.8626449271863521e-09, 0.4565373659133911, 0.8897043466567993),
            ["LeftHand"] = CFrame.new(-2.9802322387695312e-08, -1.1920928955078125e-07, 5.774199962615967e-08, 0.8879929780960083, -0.2970082461833954, 0.35107627511024475, 0.2640533447265625, 0.9543659090995789, 0.139505535364151, -0.3764893710613251, -0.03117706999182701, 0.9258962273597717),
            ["RightUpperArm"] = CFrame.new(-5.960464477539063e-08, 4.76837158203125e-07, -2.9802322387695312e-08, 0.8211203217506409, -0.36110082268714905, 0.4420040249824524, 0.14489486813545227, 0.8809323906898499, 0.45051491260528564, -0.5520569682121277, -0.3058830499649048, 0.7756731510162354),
            ["LeftUpperLeg"] = CFrame.new(5.960464477539063e-08, -1.4901161193847656e-07, 7.078051567077637e-07, 0.76251620054245, 0.5698053240776062, 0.3064163327217102, -0.5908985137939453, 0.8062315583229065, -0.028801660984754562, -0.2634539008140564, -0.15909923613071442, 0.9514618515968323),
            ["RightLowerLeg"] = CFrame.new(7.450580596923828e-08, -0.00006020069122314453, -0.00007134506449801847, 1, -8.940696716308594e-08, -7.450581485102248e-09, 7.450579886381092e-08, 0.7956836223602295, 0.6057121753692627, 4.8428766774577525e-08, -0.6057124733924866, 0.7956838607788086),
            ["RightFoot"] = CFrame.new(-4.470348358154297e-08, 4.76837158203125e-07, -1.0261283023282886e-07, 0.9636954069137573, 0.20386336743831635, -0.17242704331874847, -0.25301072001457214, 0.903557538986206, -0.3457876443862915, 0.08530426025390625, 0.3768600821495056, 0.9223340153694153),
            ["LeftLowerLeg"] = CFrame.new(-4.470348358154297e-08, 0.000060617923736572266, 0.00007186084985733032, 1, 1.1175869119028903e-08, -1.6414562153954648e-08, -5.960463766996327e-08, 0.8370136022567749, 0.5471821427345276, 7.4505797087454084e-09, -0.547182023525238, 0.8370136618614197),
        }},
        {Time = 0.133, Data = {
            ["LeftFoot"] = CFrame.new(0, 5.960464477539063e-08, 7.916241884231567e-09, 0.8511396646499634, -0.44707655906677246, 0.27510714530944824, 0.5005335807800293, 0.8491302728652954, -0.16865351796150208, -0.15820078551769257, 0.2812480032444, 0.9465053081512451),
            ["LeftLowerArm"] = CFrame.new(-9.834766387939453e-07, 3.5762786865234375e-07, -0.0000014901161193847656, 1, -2.048908953611317e-08, -2.7706839489383128e-08, 7.4505797087454084e-09, 0.9751397371292114, -0.2215908020734787, -3.725289943190546e-08, 0.2215907871723175, 0.9751397371292114),
            ["LowerTorso"] = CFrame.new(0.31723475456237793, -0.15982544422149658, -0.18822051584720612, 0.8203026056289673, -0.1955299973487854, -0.5374679565429688, 0.09704599529504776, 0.9737032651901245, -0.20611672103405, 0.563636302947998, 0.11691895872354507, 0.8177066445350647),
            ["Head"] = CFrame.new(5.587935447692871e-09, -2.384185791015625e-07, -4.0978193283081055e-08, 0.847110390663147, 0.014440920203924179, 0.5312207341194153, -0.1871567815542221, 0.943692147731781, 0.2727958858013153, -0.4973693788051605, -0.3305096924304962, 0.8021141290664673),
            ["RightUpperLeg"] = CFrame.new(-5.960464477539063e-08, 2.3096799850463867e-07, -0.0000022666717995889485, 0.9010016322135925, -0.21662236750125885, -0.3758602738380432, 0.25166863203048706, 0.9667129516601562, 0.046139951795339584, 0.3533540368080139, -0.13616450130939484, 0.9255269765853882),
            ["UpperTorso"] = CFrame.new(2.2351741790771484e-08, -2.9802322387695312e-08, 2.9802322387695312e-08, 0.9973791837692261, 0.07206819206476212, -0.006405927706509829, -0.07115764915943146, 0.9930803179740906, 0.09342482686042786, 0.013094457797706127, -0.09272408485412598, 0.9956058263778687),
            ["HumanoidRootPart"] = CFrame.new(0, 0, 0, 1, 0, 0, 0, 1, 0, 0, 0, 1),
            ["RightHand"] = CFrame.new(1.5087425708770752e-07, -2.384185791015625e-07, 4.842877388000488e-08, 0.599875807762146, 0.13277137279510498, -0.7889999747276306, -0.2516106963157654, 0.9674087166786194, -0.02850579097867012, 0.7595006227493286, 0.2156207412481308, 0.6137316823005676),
            ["LeftUpperArm"] = CFrame.new(5.960464477539063e-08, -2.384185791015625e-07, 0, 0.9828309416770935, 0.09854461252689362, 0.15598824620246887, -0.1477421224117279, 0.9267501831054688, 0.34540748596191406, -0.11052407324314117, -0.3625231981277466, 0.9253979325294495),
            ["RightLowerArm"] = CFrame.new(-5.960464477539063e-08, 2.384185791015625e-07, 3.2782554626464844e-07, 1, -4.516913421070967e-08, 4.656611984898973e-09, 8.381900507004048e-09, 0.8939776420593262, -0.4481116831302643, 3.7252889661942845e-09, 0.4481116831302643, 0.8939775824546814),
            ["LeftHand"] = CFrame.new(-2.9802322387695312e-08, -5.960464477539063e-08, -2.60770320892334e-08, 0.8884896039962769, -0.2933218777179718, 0.35291460156440735, 0.26277849078178406, 0.955681562423706, 0.13274116814136505, -0.37620988488197327, -0.025200817734003067, 0.9261917471885681),
            ["RightUpperArm"] = CFrame.new(0, -2.384185791015625e-07, 0, 0.8232670426368713, -0.3573366701602936, 0.4410691559314728, 0.14546453952789307, 0.8838611245155334, 0.44455575942993164, -0.5486997961997986, -0.3018281161785126, 0.7796334028244019),
            ["LeftUpperLeg"] = CFrame.new(5.960464477539063e-08, -2.2724270820617676e-07, 7.450580596923828e-07, 0.7635940313339233, 0.5683318376541138, 0.3064691126346588, -0.5893818736076355, 0.8073451519012451, -0.02868606150150299, -0.2637295126914978, -0.1587228626012802, 0.9514483213424683),
            ["RightLowerLeg"] = CFrame.new(1.7881393432617188e-07, -0.00006014108657836914, -0.00007131526217563078, 1, -7.450581307466564e-08, -5.2154071283894154e-08, 8.940696716308594e-08, 0.7954455018043518, 0.6060249209403992, 7.450580596923828e-09, -0.6060252785682678, 0.7954456806182861),
            ["RightFoot"] = CFrame.new(-1.2665987014770508e-07, 3.5762786865234375e-07, -2.8107024263590574e-08, 0.9636003971099854, 0.20347392559051514, -0.17341509461402893, -0.2529120445251465, 0.9040424823760986, -0.34459033608436584, 0.08665943890810013, 0.37590640783309937, 0.9225967526435852),
            ["LeftLowerLeg"] = CFrame.new(-1.4901161193847656e-08, 0.00006091594696044922, 0.0000718533992767334, 1, 6.33299421792799e-08, -1.0011717677116394e-08, -9.685754776000977e-08, 0.8368923664093018, 0.5473676919937134, 7.450580596923828e-09, -0.5473676919937134, 0.8368922472000122),
        }},
        {Time = 0.167, Data = {
            ["LeftFoot"] = CFrame.new(-7.450580596923828e-09, 5.960464477539063e-08, 3.259629011154175e-09, 0.8525728583335876, -0.44619226455688477, 0.27208858728408813, 0.49818965792655945, 0.8511834740638733, -0.1652088463306427, -0.15788237750530243, 0.2764042317867279, 0.9479840993881226),
            ["LeftLowerArm"] = CFrame.new(-7.748603820800781e-07, 2.384185791015625e-07, -0.0000017285346984863281, 1, -2.5145718396402117e-08, 3.632158751543102e-08, 1.4901162970204496e-08, 0.9761938452720642, -0.21690018475055695, 3.166497108963995e-08, 0.21690022945404053, 0.9761938452720642),
            ["LowerTorso"] = CFrame.new(0.31650441884994507, -0.15895521640777588, -0.18896572291851044, 0.821291983127594, -0.19467826187610626, -0.5362648963928223, 0.09557855874300003, 0.9736441373825073, -0.2070794701576233, 0.5624450445175171, 0.1188172772526741, 0.8182530403137207),
            ["Head"] = CFrame.new(8.381903171539307e-09, 0, 3.818422555923462e-08, 0.8466582298278809, 0.013823043555021286, 0.531957745552063, -0.18860432505607605, 0.9425628185272217, 0.2756878137588501, -0.49759265780448914, -0.33374282717704773, 0.800635576248169),
            ["RightUpperLeg"] = CFrame.new(0, 2.4959444999694824e-07, -0.0000023486281861551106, 0.9005342721939087, -0.21966230869293213, -0.3752153813838959, 0.25494492053985596, 0.9658393263816833, 0.04644854739308357, 0.35219472646713257, -0.13748787343502045, 0.9257732033729553),
            ["UpperTorso"] = CFrame.new(1.4901161193847656e-08, -5.960464477539063e-08, -3.725290298461914e-08, 0.9975544214248657, 0.06935723125934601, -0.008658125065267086, -0.06821587681770325, 0.9930776357650757, 0.09562145918607712, 0.015230377204716206, -0.09479701519012451, 0.995380163192749),
            ["HumanoidRootPart"] = CFrame.new(0, 0, 0, 1, 0, 0, 0, 1, 0, 0, 0, 1),
            ["RightHand"] = CFrame.new(1.9371509552001953e-07, 0, 7.264316082000732e-08, 0.5981086492538452, 0.14075161516666412, -0.7889582514762878, -0.26270973682403564, 0.964494526386261, -0.027091993018984795, 0.7571325898170471, 0.2234710305929184, 0.6138492822647095),
            ["LeftUpperArm"] = CFrame.new(0, -3.5762786865234375e-07, 8.940696716308594e-08, 0.9817078709602356, 0.09929564595222473, 0.1624498814344406, -0.1502402424812317, 0.9281207323074341, 0.34061723947525024, -0.11695122718811035, -0.35879310965538025, 0.9260615706443787),
            ["RightLowerArm"] = CFrame.new(-2.980232238769531e-07, 2.384185791015625e-07, 4.76837158203125e-07, 1, -2.305023905080361e-08, 6.519259798665189e-09, 5.867331509534779e-08, 0.89830482006073, -0.43937304615974426, 3.7252898543727042e-09, 0.4393730163574219, 0.89830482006073),
            ["LeftHand"] = CFrame.new(-1.4901161193847656e-08, -2.384185791015625e-07, -1.4901161193847656e-08, 0.8889378905296326, -0.28960496187210083, 0.354849636554718, 0.26143786311149597, 0.9569517374038696, 0.1260710507631302, -0.37608465552330017, -0.0192982517182827, 0.9263843297958374),
            ["RightUpperArm"] = CFrame.new(0, 0, 2.9802322387695312e-08, 0.8252347111701965, -0.3535754084587097, 0.4404226541519165, 0.14661350846290588, 0.8871762156486511, 0.4375189542770386, -0.5454283952713013, -0.2964840233325958, 0.7839675545692444),
            ["LeftUpperLeg"] = CFrame.new(5.960464477539063e-08, -1.5832483768463135e-07, 6.631016731262207e-07, 0.7644884586334229, 0.5671168565750122, 0.3064899444580078, -0.5881088972091675, 0.8082739114761353, -0.028657659888267517, -0.26398009061813354, -0.15834103524684906, 0.9514424204826355),
            ["RightLowerLeg"] = CFrame.new(4.470348358154297e-08, -0.00006008148193359375, -0.00007150152669055387, 1, -8.940696716308594e-08, -3.725290653733282e-08, 8.940696716308594e-08, 0.7950044870376587, 0.60660320520401, -1.1175870895385742e-08, -0.6066035032272339, 0.7950047850608826),
            ["RightFoot"] = CFrame.new(-2.2351741790771484e-08, 4.172325134277344e-07, -5.790934665128589e-08, 0.9634045958518982, 0.20356878638267517, -0.1743885576725006, -0.2532002329826355, 0.9046538472175598, -0.34276944398880005, 0.0879841148853302, 0.3743811249732971, 0.923091471195221),
            ["LeftLowerLeg"] = CFrame.new(2.2351741790771484e-08, 0.000060677528381347656, 0.0000718533992767334, 1, 4.470348358154297e-08, 2.3283064365386963e-08, -3.725290298461914e-08, 0.8367605209350586, 0.5475690364837646, 1.4901161193847656e-08, -0.5475689768791199, 0.8367605209350586),
        }},
        {Time = 0.200, Data = {
            ["LeftFoot"] = CFrame.new(3.725290298461914e-08, -5.960464477539063e-08, 4.6566128730773926e-08, 0.8540626168251038, -0.4452352225780487, 0.26896628737449646, 0.4957413077354431, 0.8532942533493042, -0.16164663434028625, -0.15753664076328278, 0.2713940739631653, 0.9494880437850952),
            ["LeftLowerArm"] = CFrame.new(-8.642673492431641e-07, 2.384185791015625e-07, -0.0000016093254089355469, 1, -4.0046870708465576e-08, 1.280568362460599e-08, 1.4901159417490817e-08, 0.9771286845207214, -0.21264882385730743, 5.5879347371501353e-08, 0.2126488983631134, 0.9771286845207214),
            ["LowerTorso"] = CFrame.new(0.31578049063682556, -0.15804970264434814, -0.18979527056217194, 0.822232186794281, -0.19383838772773743, -0.5351271629333496, 0.09400933235883713, 0.9735572338104248, -0.20820340514183044, 0.5613347291946411, 0.12088456004858017, 0.8187127113342285),
            ["Head"] = CFrame.new(-2.421438694000244e-08, -2.384185791015625e-07, 1.0244548320770264e-08, 0.8462837338447571, 0.013102773576974869, 0.5325713157653809, -0.19000409543514252, 0.9413756132125854, 0.27876609563827515, -0.4976969063282013, -0.33710604906082153, 0.799160361289978),
            ["RightUpperLeg"] = CFrame.new(-2.9802322387695312e-08, 2.0116567611694336e-07, -0.0000023560787667520344, 0.9003310203552246, -0.2209758460521698, -0.3749319016933441, 0.256633996963501, 0.965350329875946, 0.04730594903230667, 0.35148701071739197, -0.1388113796710968, 0.925844669342041),
            ["UpperTorso"] = CFrame.new(-1.4901161193847656e-08, 2.9802322387695312e-08, -5.21540641784668e-08, 0.997717022895813, 0.06664841622114182, -0.010900376364588737, -0.06526945531368256, 0.993065595626831, 0.0977780818939209, 0.017341405153274536, -0.09684336185455322, 0.9951485991477966),
            ["HumanoidRootPart"] = CFrame.new(0, 0, 0, 1, 0, 0, 0, 1, 0, 0, 0, 1),
            ["RightHand"] = CFrame.new(-1.3969838619232178e-07, -1.1920928955078125e-07, 2.60770320892334e-08, 0.5962508916854858, 0.1489967703819275, -0.7888504266738892, -0.2744341790676117, 0.9612579345703125, -0.02586928941309452, 0.7544341683387756, 0.23191212117671967, 0.6140406131744385),
            ["LeftUpperArm"] = CFrame.new(0, 1.1920928955078125e-07, 2.9802322387695312e-08, 0.9806532859802246, 0.10048265755176544, 0.16799497604370117, -0.15261732041835785, 0.9298855066299438, 0.33469513058662415, -0.1225849911570549, -0.3538588881492615, 0.9272308349609375),
            ["RightLowerArm"] = CFrame.new(1.1920928955078125e-07, -2.980232238769531e-07, 3.2782554626464844e-07, 1, -6.28642737865448e-08, 5.5879341154252415e-09, 2.60770232074492e-08, 0.9029017686843872, -0.4298466742038727, 1.1175867342672063e-08, 0.4298468828201294, 0.9029018878936768),
            ["LeftHand"] = CFrame.new(-2.9802322387695312e-08, -1.7881393432617188e-07, 3.026798367500305e-08, 0.8893941640853882, -0.28588828444480896, 0.35671553015708923, 0.25990211963653564, 0.9581617116928101, 0.1199050322175026, -0.37607061862945557, -0.01393177267163992, 0.9264863133430481),
            ["RightUpperArm"] = CFrame.new(1.1920928955078125e-07, -2.384185791015625e-07, -5.960464477539063e-08, 0.8276781439781189, -0.34949037432670593, 0.4390961825847626, 0.14728645980358124, 0.8902680277824402, 0.43096351623535156, -0.5415307879447937, -0.29202643036842346, 0.788330614566803),
            ["LeftUpperLeg"] = CFrame.new(2.9802322387695312e-08, -1.3597309589385986e-07, 6.631016731262207e-07, 0.765501081943512, 0.5656842589378357, 0.3066099286079407, -0.5866695642471313, 0.8093260526657104, -0.02846245840191841, -0.26424819231033325, -0.15809065103530884, 0.951409637928009),
            ["RightLowerLeg"] = CFrame.new(5.960464477539063e-08, -0.00006031990051269531, -0.00007147172436816618, 1, -1.4901162614933128e-07, 1.4901162970204496e-08, 7.450579886381092e-08, 0.7948794960975647, 0.6067670583724976, 0, -0.6067674160003662, 0.7948797941207886),
            ["RightFoot"] = CFrame.new(0, 3.5762786865234375e-07, 1.6952981241047382e-09, 0.9633141756057739, 0.20320667326450348, -0.1753084510564804, -0.25301122665405273, 0.9054858684539795, -0.3407057523727417, 0.08950561285018921, 0.37256190180778503, 0.9236810207366943),
            ["LeftLowerLeg"] = CFrame.new(-4.470348358154297e-08, 0.00006073713302612305, 0.0000718832015991211, 1, 5.587935447692871e-08, 4.190952029858863e-09, -5.21540641784668e-08, 0.836679995059967, 0.5476921200752258, 0, -0.5476921200752258, 0.8366800546646118),
        }},
        {Time = 0.233, Data = {
            ["LeftFoot"] = CFrame.new(-5.21540641784668e-08, -5.960464477539063e-08, -4.6100467443466187e-08, 0.8555715084075928, -0.4442163407802582, 0.26583683490753174, 0.49324214458465576, 0.8554139137268066, -0.1580483764410019, -0.1571929156780243, 0.2663436830043793, 0.9509739279747009),
            ["LeftLowerArm"] = CFrame.new(-6.556510925292969e-07, 3.5762786865234375e-07, -0.0000016689300537109375, 1, -2.3283067918100642e-08, -7.2177499532699585e-09, 2.2351747119842003e-08, 0.9780223965644836, -0.20849977433681488, 3.3527619791584584e-08, 0.20849984884262085, 0.9780223965644836),
            ["LowerTorso"] = CFrame.new(0.3150652050971985, -0.15712237358093262, -0.19063375890254974, 0.8231737017631531, -0.19299300014972687, -0.5339839458465576, 0.09244481474161148, 0.9734672904014587, -0.20932133495807648, 0.5602135062217712, 0.12294375896453857, 0.8191738128662109),
            ["Head"] = CFrame.new(1.6763806343078613e-08, 0, 3.725290298461914e-09, 0.8458980321884155, 0.012310098856687546, 0.5332024097442627, -0.191366508603096, 0.9401694536209106, 0.2818872630596161, -0.4978305697441101, -0.34048494696617126, 0.7976433634757996),
            ["RightUpperLeg"] = CFrame.new(-8.940696716308594e-08, 1.5925616025924683e-07, -0.000002244320057798177, 0.8999518752098083, -0.22335313260555267, -0.3744332492351532, 0.25933757424354553, 0.9645968675613403, 0.04792727530002594, 0.3504723310470581, -0.14023692905902863, 0.9260144233703613),
            ["UpperTorso"] = CFrame.new(-5.21540641784668e-08, -1.4901161193847656e-07, 5.960464477539063e-08, 0.997865617275238, 0.06397002190351486, -0.013121483847498894, -0.06234545260667801, 0.9930339455604553, 0.09998302906751633, 0.019425980746746063, -0.09895157814025879, 0.9949026107788086),
            ["HumanoidRootPart"] = CFrame.new(0, 0, 0, 1, 0, 0, 0, 1, 0, 0, 0, 1),
            ["RightHand"] = CFrame.new(-2.9802322387695312e-08, -3.5762786865234375e-07, -5.21540641784668e-08, 0.5941951870918274, 0.1572958379983902, -0.788790225982666, -0.28617462515830994, 0.9578625559806824, -0.024563953280448914, 0.7516888380050659, 0.24032758176326752, 0.6141715049743652),
            ["LeftUpperArm"] = CFrame.new(-1.1920928955078125e-07, 0, 5.960464477539063e-08, 0.9796016216278076, 0.10165117681026459, 0.17334294319152832, -0.1548623889684677, 0.9315948486328125, 0.32885995507240295, -0.12805646657943726, -0.3489961326122284, 0.9283336997032166),
            ["RightLowerArm"] = CFrame.new(-2.682209014892578e-07, -2.384185791015625e-07, 2.5331974029541016e-07, 1, -4.70318006762227e-08, 9.313226634333205e-09, 4.0978196835794733e-08, 0.9073414206504822, -0.4203946590423584, 0, 0.42039477825164795, 0.9073414206504822),
            ["LeftHand"] = CFrame.new(-1.9371509552001953e-07, -4.172325134277344e-07, -7.729977369308472e-08, 0.8898434638977051, -0.2821785509586334, 0.35854434967041016, 0.25841400027275085, 0.9593243598937988, 0.11366188526153564, -0.376033216714859, -0.008488311432301998, 0.9265673160552979),
            ["RightUpperArm"] = CFrame.new(0, 0, 8.940696716308594e-08, 0.8299793601036072, -0.3455541729927063, 0.43786609172821045, 0.1481977105140686, 0.8933911323547363, 0.4241340160369873, -0.5377470254898071, -0.28713172674179077, 0.7927065491676331),
            ["LeftUpperLeg"] = CFrame.new(2.9802322387695312e-08, -2.738088369369507e-07, 7.7858567237854e-07, 0.7665423154830933, 0.5642274618148804, 0.30669280886650085, -0.5851940512657166, 0.8104000091552734, -0.02828226611018181, -0.2645014524459839, -0.157795250415802, 0.9513882994651794),
            ["RightLowerLeg"] = CFrame.new(1.1920928955078125e-07, -0.00006008148193359375, -0.00007138231740100309, 1, -7.450580596923828e-08, -2.980232594040899e-08, 6.705522537231445e-08, 0.7946428060531616, 0.6070769429206848, -4.0978193283081055e-08, -0.6070772409439087, 0.7946431636810303),
            ["RightFoot"] = CFrame.new(-1.4901161193847656e-08, 4.172325134277344e-07, -2.8107024263590574e-08, 0.9631418585777283, 0.20321951806545258, -0.1762380748987198, -0.25314778089523315, 0.9063193202018738, -0.3383803367614746, 0.09096240252256393, 0.37052273750305176, 0.9243586659431458),
            ["LeftLowerLeg"] = CFrame.new(-4.470348358154297e-08, 0.00006079673767089844, 0.00007178634405136108, 1, 1.1175869474300271e-07, 1.1641532182693481e-08, -6.332992796842518e-08, 0.8365994691848755, 0.5478150248527527, 7.4505797087454084e-09, -0.5478149652481079, 0.8365995287895203),
        }},
        {Time = 0.267, Data = {
            ["LeftFoot"] = CFrame.new(5.587935447692871e-08, -1.7881393432617188e-07, 4.377216100692749e-08, 0.8570756316184998, -0.44320324063301086, 0.26266375184059143, 0.49072590470314026, 0.8575482368469238, -0.15426966547966003, -0.15687400102615356, 0.2611166834831238, 0.9524750113487244),
            ["LeftLowerArm"] = CFrame.new(-7.152557373046875e-07, 5.960464477539062e-07, -0.0000017285346984863281, 1, -3.166496753692627e-08, 1.0710210496256423e-08, 0, 0.9789575934410095, -0.20406392216682434, 3.3527616238870905e-08, 0.20406386256217957, 0.9789576530456543),
            ["LowerTorso"] = CFrame.new(0.31432685256004333, -0.15617287158966064, -0.1915375143289566, 0.8241312503814697, -0.19208355247974396, -0.5328336954116821, 0.09077953547239304, 0.9733726382255554, -0.21048714220523834, 0.5590768456459045, 0.1250986009836197, 0.8196240663528442),
            ["Head"] = CFrame.new(2.3283064365386963e-08, -2.384185791015625e-07, 3.91155481338501e-08, 0.8455761075019836, 0.011498362757265568, 0.53373122215271, -0.19269901514053345, 0.9389399290084839, 0.28505998849868774, -0.4978637099266052, -0.3438892066478729, 0.7961606979370117),
            ["RightUpperLeg"] = CFrame.new(-5.960464477539063e-08, 2.1420419216156006e-07, -0.0000023039247025735676, 0.8998339176177979, -0.22412064671516418, -0.3742579519748688, 0.26052364706993103, 0.9642251133918762, 0.04896416515111923, 0.3498949110507965, -0.1415627896785736, 0.9260311126708984),
            ["UpperTorso"] = CFrame.new(-1.4901161193847656e-08, 2.9802322387695312e-08, 0, 0.9979974031448364, 0.06137317791581154, -0.015314977616071701, -0.05950023978948593, 0.9930009841918945, 0.10202332586050034, 0.021469302475452423, -0.10090778768062592, 0.9946640729904175),
            ["HumanoidRootPart"] = CFrame.new(0, 0, 0, 1, 0, 0, 0, 1, 0, 0, 0, 1),
            ["RightHand"] = CFrame.new(-4.470348358154297e-08, 0, 3.725290298461914e-08, 0.5921571850776672, 0.16570353507995605, -0.7886015772819519, -0.2977792024612427, 0.9543560147285461, -0.023068515583872795, 0.7487840056419373, 0.2484893500804901, 0.6144716739654541),
            ["LeftUpperArm"] = CFrame.new(0, -1.1920928955078125e-07, 2.9802322387695312e-08, 0.9784101247787476, 0.10238206386566162, 0.17953160405158997, -0.15713560581207275, 0.9327690005302429, 0.32442325353622437, -0.13424642384052277, -0.3456297516822815, 0.9287184476852417),
            ["RightLowerArm"] = CFrame.new(-3.5762786865234375e-07, -1.1920928955078125e-07, 2.980232238769531e-07, 1, -4.284084198502569e-08, 1.210719524635806e-08, 3.166496753692627e-08, 0.9116131067276001, -0.41104957461357117, 1.1175870895385742e-08, 0.4110495448112488, 0.9116131067276001),
            ["LeftHand"] = CFrame.new(-2.9802322387695312e-08, 1.1920928955078125e-07, -3.725290298461914e-08, 0.8903353810310364, -0.278450608253479, 0.3602336049079895, 0.2571527361869812, 0.960447371006012, 0.10683333873748779, -0.3757331371307373, -0.0024824051652103662, 0.9267246127128601),
            ["RightUpperArm"] = CFrame.new(0, -1.1920928955078125e-07, 5.960464477539063e-08, 0.8322054743766785, -0.3417060375213623, 0.4366590678691864, 0.1490524858236313, 0.8964102268218994, 0.41741135716438293, -0.5340575575828552, -0.2822868227958679, 0.7969295978546143),
            ["LeftUpperLeg"] = CFrame.new(2.9802322387695312e-08, -8.009374141693115e-08, 6.705522537231445e-07, 0.7675673365592957, 0.5627869367599487, 0.30677586793899536, -0.583724856376648, 0.8114637732505798, -0.028141338378190994, -0.26477500796318054, -0.15747234225273132, 0.9513657689094543),
            ["RightLowerLeg"] = CFrame.new(1.4901161193847656e-07, -0.00006002187728881836, -0.00007142702088458464, 1, -1.0430814256778831e-07, -9.685756197086448e-08, 8.940696716308594e-08, 0.7946045994758606, 0.6071270108222961, -1.1175870895385742e-08, -0.6071273684501648, 0.7946048974990845),
