return {
    ["Introducing.."] = {
        {Time = 0.000, Data = {
            ["LeftFoot"] = CFrame.new(-1.3387762010097504e-08, 0, -3.119930624961853e-08, 0.9931111931800842, 0.0860287994146347, 0.07955717295408249, -0.048962514847517014, 0.9215051531791687, -0.3852672874927521, -0.10645662248134613, 0.3787180781364441, 0.9193692803382874),
            ["LeftLowerArm"] = CFrame.new(2.086162567138672e-07, 0, -0.0000010728836059570312, 1, -6.33299421792799e-08, 1.6251583190296515e-07, 8.195639367158947e-08, -0.563368558883667, -0.8262057304382324, 1.3411046495548362e-07, 0.8262057900428772, -0.563368558883667),
            ["LowerTorso"] = CFrame.new(0.0012270351871848106, -0.06843280792236328, -0.19318217039108276, 0.9980335831642151, -0.02583179622888565, -0.05711088329553604, 0.02174772322177887, 0.9972384572029114, -0.07101099193096161, 0.0587875060737133, 0.06962932646274567, 0.9958392977714539),
            ["Head"] = CFrame.new(-8.638016879558563e-08, 9.5367431640625e-07, 1.737498678267002e-08, 0.994863748550415, -0.09684258699417114, -0.029456689953804016, 0.09926063567399979, 0.9903803467750549, 0.09640590846538544, 0.019837144762277603, -0.09883461892604828, 0.9949061274528503),
            ["RightUpperArm"] = CFrame.new(1.1920928955078125e-07, 8.344650268554688e-07, 0, 0.9784842729568481, -0.19794149696826935, -0.058204535394907, 0.2011691778898239, 0.9779500365257263, 0.05607761815190315, 0.045821040868759155, -0.06658002734184265, 0.9967284202575684),
            ["UpperTorso"] = CFrame.new(4.6566128730773926e-09, -1.4901161193847656e-07, -1.2182863429188728e-07, 0.9920637607574463, 0.038316261023283005, 0.11975554376840591, -0.03273726999759674, 0.9983005523681641, -0.04821224883198738, -0.12139931321144104, 0.04390915483236313, 0.9916321635246277),
            ["HumanoidRootPart"] = CFrame.new(0, 0, 0, 1, 0, 0, 0, 1, 0, 0, 0, 1),
            ["RightHand"] = CFrame.new(-9.330688044428825e-08, -6.556510925292969e-07, 3.0919909477233887e-07, 0.9980230927467346, 0.06284791231155396, 0.00036569172516465187, -0.06283309310674667, 0.9978852272033691, -0.016649417579174042, -0.0014112992212176323, 0.016593530774116516, 0.9998613595962524),
            ["LeftUpperArm"] = CFrame.new(0, 0, -2.2351741790771484e-08, 0.9897626638412476, 0.13976551592350006, 0.028906576335430145, -0.035827115178108215, 0.43935608863830566, -0.8975983262062073, -0.138153538107872, 0.8873736262321472, 0.4398655891418457),
            ["RightLowerArm"] = CFrame.new(-8.940696716308594e-08, 5.364418029785156e-07, 1.434236764907837e-07, 1, -1.0739308109464218e-08, 9.313225746154785e-10, 2.200249760164752e-08, 0.9996092319488525, -0.027955887839198112, 4.656613428188905e-10, 0.027955876663327217, 0.9996092319488525),
            ["LeftHand"] = CFrame.new(2.086162567138672e-07, -2.980232238769531e-07, 2.9802322387695312e-08, 0.9914799332618713, -0.096974216401577, 0.08696851134300232, 0.10346608608961105, 0.9919114708900452, -0.0735289677977562, -0.07913466542959213, 0.08190081268548965, 0.9934938549995422),
            ["RightUpperLeg"] = CFrame.new(1.7881393432617188e-07, -2.8032809495925903e-07, -5.198671715334058e-08, 0.9306204319000244, 0.0792730376124382, -0.35729777812957764, -0.23140756785869598, 0.8837952613830566, -0.4066404104232788, 0.283542275428772, 0.4611092507839203, 0.840822160243988),
            ["LeftUpperLeg"] = CFrame.new(-3.5762786865234375e-07, -8.940696716308594e-07, 3.725290298461914e-08, 0.9870203733444214, -0.035736389458179474, 0.1565685123205185, 0.047338273376226425, 0.9963517785072327, -0.07100939750671387, -0.15345969796180725, 0.07749936729669571, 0.9851111173629761),
            ["RightLowerLeg"] = CFrame.new(-5.960464477539063e-08, -0.0000036954879760742188, -0.000013200733519624919, 1, -5.2154071283894154e-08, -2.533196834519913e-07, 0, -0.9589119553565979, 0.2837040424346924, -3.2782557468635787e-07, -0.2837038040161133, -0.9589118957519531),
            ["RightFoot"] = CFrame.new(2.2351741790771484e-08, 1.7881393432617188e-07, -1.6931153368204832e-08, 0.9805840849876404, 0.00030473264632746577, -0.196099653840065, 0.01644827425479889, 0.9963471293449402, 0.08379662036895752, 0.19540832936763763, -0.08539482206106186, 0.9769970178604126),
            ["LeftLowerLeg"] = CFrame.new(-1.5087425708770752e-07, 0.000004172325134277344, 0.000013072043657302856, 1, 3.352760202801619e-08, 2.2351745343485163e-08, -5.029139416024009e-08, 0.8685699701309204, 0.4955669939517975, 7.450577044210149e-09, -0.49556663632392883, 0.8685697317123413),
        }},
        {Time = 0.033, Data = {
            ["LeftFoot"] = CFrame.new(-9.778887033462524e-09, 1.7881393432617188e-07, 7.450580596923828e-09, 0.9936379194259644, 0.07657529413700104, 0.08258339017629623, -0.04235636815428734, 0.933530867099762, -0.35598573088645935, -0.10435418039560318, 0.35022327303886414, 0.9308352470397949),
            ["LeftLowerArm"] = CFrame.new(-3.5762786865234375e-07, 1.1920928955078125e-07, -0.0000013262033462524414, 1, -8.009374141693115e-08, 1.3504181595180853e-07, 6.426125764846802e-08, -0.4406493604183197, -0.897679328918457, 1.2665987014770508e-07, 0.897679328918457, -0.4406493008136749),
            ["LowerTorso"] = CFrame.new(0.0012922771275043488, -0.0580904483795166, -0.19974714517593384, 0.9970595240592957, -0.030918728560209274, -0.070116326212883, 0.025530602782964706, 0.9967442154884338, -0.0764804556965828, 0.07225271314382553, 0.07446545362472534, 0.9946027398109436),
            ["Head"] = CFrame.new(-8.114147931337357e-08, 0.0000011920928955078125, -2.7474015951156616e-08, 0.9978353977203369, -0.06153634563088417, -0.023189855739474297, 0.06340740621089935, 0.9938136339187622, 0.09118190407752991, 0.017435390502214432, -0.0924549326300621, 0.9955642819404602),
            ["RightUpperArm"] = CFrame.new(0, 5.960464477539062e-07, -7.450580596923828e-08, 0.9857078790664673, -0.168462336063385, 0.0007139795343391597, 0.16841165721416473, 0.9854990243911743, 0.020721038803458214, -0.004194339271634817, -0.020304670557379723, 0.9997851252555847),
            ["UpperTorso"] = CFrame.new(6.51925802230835e-09, -1.7881393432617188e-07, -3.6670826375484467e-08, 0.9917014241218567, 0.023872388526797295, 0.12632718682289124, -0.01941370964050293, 0.999148428440094, -0.03640911728143692, -0.1270887702703476, 0.03365447744727135, 0.9913203120231628),
            ["HumanoidRootPart"] = CFrame.new(0, 0, 0, 1, 0, 0, 0, 1, 0, 0, 0, 1),
            ["RightHand"] = CFrame.new(-4.377216100692749e-08, -5.960464477539062e-07, 2.980232238769531e-07, 0.9998740553855896, 0.0039270068518817425, 0.015383658930659294, -0.004429384600371122, 0.9994535446166992, 0.032757677137851715, -0.015246601775288582, -0.032821688801050186, 0.9993449449539185),
            ["LeftUpperArm"] = CFrame.new(5.960464477539063e-08, -5.960464477539062e-07, -4.842877388000488e-08, 0.9940478205680847, 0.0933019295334816, 0.056248344480991364, 0.016788074746727943, 0.3789476156234741, -0.925265908241272, -0.10764424502849579, 0.9207027554512024, 0.37512561678886414),
            ["RightLowerArm"] = CFrame.new(2.980232238769531e-07, 4.76837158203125e-07, 1.1920928955078125e-07, 1, 0, 5.587934559514451e-09, 1.3969838619232178e-08, 1, 9.313224635931761e-10, -3.725290298461914e-09, 9.313222415485711e-10, 1),
            ["LeftHand"] = CFrame.new(8.195638656616211e-08, 2.384185791015625e-07, 0, 0.9748165011405945, -0.04459302872419357, 0.21850475668907166, 0.08460704982280731, 0.980503499507904, -0.17735405266284943, -0.2063359171152115, 0.19137480854988098, 0.9595838785171509),
            ["RightUpperLeg"] = CFrame.new(-5.960464477539063e-08, 2.4028122425079346e-07, -1.0600342648103833e-07, 0.998028039932251, 0.004137394484132528, -0.0626336932182312, -0.04154801368713379, 0.7914983034133911, -0.609757661819458, 0.04705167934298515, 0.6111574172973633, 0.7901093363761902),
            ["LeftUpperLeg"] = CFrame.new(-3.5762786865234375e-07, -1.1455267667770386e-07, 3.3527612686157227e-08, 0.9852434396743774, -0.025322090834379196, 0.16927547752857208, 0.03928521275520325, 0.9960481524467468, -0.07965417951345444, -0.16658933460712433, 0.08512876182794571, 0.9823446273803711),
            ["RightLowerLeg"] = CFrame.new(9.313225746154785e-09, -0.000003516674041748047, -0.000013189557648729533, 1, -8.149072527885437e-08, -2.9988595429131237e-07, 7.916242594774303e-08, -0.8983557224273682, 0.4392683506011963, -2.8591605882866133e-07, -0.4392687678337097, -0.8983559608459473),
            ["RightFoot"] = CFrame.new(-1.6763806343078613e-08, 3.5762786865234375e-07, 9.110226528719068e-08, 0.9908010363578796, 0.05184604227542877, 0.12500157952308655, -0.0722733661532402, 0.9836630821228027, 0.16487424075603485, -0.11441146582365036, -0.1723918914794922, 0.9783614873886108),
            ["LeftLowerLeg"] = CFrame.new(-2.60770320892334e-07, 0.000004291534423828125, 0.000013127923011779785, 1, 5.5879340266073996e-08, -2.0489094865183688e-08, -5.2154039309471045e-08, 0.8574855923652649, 0.5145078897476196, 1.9557765185140852e-08, -0.5145081877708435, 0.8574855923652649),
        }},
        {Time = 0.067, Data = {
            ["LeftFoot"] = CFrame.new(3.4924596548080444e-08, 1.7881393432617188e-07, -9.313225746154785e-09, 0.9941834211349487, 0.06363635510206223, 0.08688954263925552, -0.034150976687669754, 0.9514061212539673, -0.3060395419597626, -0.10214269906282425, 0.3012920916080475, 0.9480454325675964),
            ["LeftLowerArm"] = CFrame.new(-2.384185791015625e-07, -3.5762786865234375e-07, -9.387731552124023e-07, 1, -6.845220923423767e-08, 1.0244548320770264e-07, 7.776544208581981e-08, -0.20692037045955658, -0.9783577919006348, 1.1175872316471214e-07, 0.9783577919006348, -0.20692038536071777),
            ["LowerTorso"] = CFrame.new(0.00040812441147863865, -0.042205810546875, -0.19796571135520935, 0.9963380098342896, -0.04199172556400299, -0.07448040693998337, 0.0354081429541111, 0.9955252408981323, -0.08761157840490341, 0.07782607525587082, 0.08465351164340973, 0.993366539478302),
            ["Head"] = CFrame.new(-7.491325959563255e-08, 7.152557373046875e-07, -3.259629011154175e-09, 0.9996253848075867, -0.019718749448657036, -0.01898515783250332, 0.02127547189593315, 0.9961000680923462, 0.0856277123093605, 0.017222629860043526, -0.0859995186328888, 0.9961463809013367),
            ["RightUpperArm"] = CFrame.new(1.1920928955078125e-07, 1.1920928955078125e-07, -9.685754776000977e-08, 0.9908333420753479, -0.0885532796382904, 0.10201764851808548, 0.09379146993160248, 0.9944466948509216, -0.04773890599608421, -0.0972236767411232, 0.05686972290277481, 0.9936364889144897),
            ["UpperTorso"] = CFrame.new(1.30385160446167e-08, -2.086162567138672e-07, -4.7730281949043274e-08, 0.992169976234436, 0.016277333721518517, 0.12383002042770386, -0.014988990500569344, 0.9998235106468201, -0.011328665539622307, -0.12399257719516754, 0.009383858181536198, 0.9922387599945068),
            ["HumanoidRootPart"] = CFrame.new(0, 0, 0, 1, 0, 0, 0, 1, 0, 0, 0, 1),
            ["RightHand"] = CFrame.new(1.341104507446289e-07, -6.556510925292969e-07, 3.2782554626464844e-07, 0.9942677617073059, -0.08257772028446198, 0.0679156556725502, 0.08003417402505875, 0.9960147738456726, 0.039360929280519485, -0.07089530676603317, -0.03369971737265587, 0.9969143271446228),
            ["LeftUpperArm"] = CFrame.new(2.980232238769531e-07, -3.5762786865234375e-07, -7.543712854385376e-08, 0.9895981550216675, -0.032309938222169876, 0.14018389582633972, 0.14197100698947906, 0.3767019510269165, -0.91539067029953, -0.023231346160173416, 0.9257709383964539, 0.377370685338974),
            ["RightLowerArm"] = CFrame.new(-1.4901161193847656e-07, 6.556510925292969e-07, 8.940696716308594e-08, 1, -7.45057526785331e-09, -5.587933671336032e-09, -1.862645149230957e-09, 0.9996925592422485, -0.024794477969408035, -9.313225746154785e-09, 0.02479448914527893, 0.9996925592422485),
            ["LeftHand"] = CFrame.new(4.470348358154297e-08, 0.0000010728836059570312, -4.470348358154297e-08, 0.9431664943695068, -0.0742814689874649, 0.32391268014907837, 0.14055003225803375, 0.9723959565162659, -0.18625715374946594, -0.30113595724105835, 0.2211974412202835, 0.9275714755058289),
            ["RightUpperLeg"] = CFrame.new(-1.7881393432617188e-07, -3.166496753692627e-08, -1.287116901949048e-08, 0.9982960820198059, 0.005797801539301872, 0.058063361793756485, 0.03422420471906662, 0.7477574348449707, -0.6630898118019104, -0.047261763364076614, 0.6639466881752014, 0.7462844848632812),
            ["LeftUpperLeg"] = CFrame.new(-2.384185791015625e-07, -5.029141902923584e-07, -3.725290298461914e-09, 0.9849124550819397, -0.0057008517906069756, 0.1729595810174942, 0.025320522487163544, 0.9934483170509338, -0.11144223809242249, -0.17119097709655762, 0.11414027214050293, 0.9786040186882019),
            ["RightLowerLeg"] = CFrame.new(-9.499490261077881e-08, -0.000003635883331298828, -0.000013619828678201884, 1, -1.4062960929095425e-07, -2.0395981437104638e-07, 1.2665985593685036e-07, -0.5288403034210205, 0.8487211465835571, -2.2910532493369828e-07, -0.8487213850021362, -0.5288406610488892),
            ["RightFoot"] = CFrame.new(-2.2817403078079224e-08, 2.980232238769531e-07, 1.20904587674886e-07, 0.9668391346931458, 0.20291058719158173, 0.1550794541835785, -0.2346927374601364, 0.945378303527832, 0.22622758150100708, -0.10070472210645676, -0.2551220655441284, 0.9616504311561584),
            ["LeftLowerLeg"] = CFrame.new(-1.3783574104309082e-07, 0.000004172325134277344, 0.000013139098882675171, 1, 5.215404996761208e-08, 1.6763806343078613e-08, -5.960460924825384e-08, 0.8302687406539917, 0.5573634505271912, 1.2107186364573863e-08, -0.5573633909225464, 0.8302686810493469),
        }},
        {Time = 0.100, Data = {
            ["LeftFoot"] = CFrame.new(1.6298145055770874e-08, 5.960464477539063e-08, 9.313225746154785e-09, 0.9943422079086304, 0.05572112277150154, 0.0904364138841629, -0.030763797461986542, 0.9659457802772522, -0.2569087743759155, -0.10167212039232254, 0.2526734173297882, 0.9621949791908264),
            ["LeftLowerArm"] = CFrame.new(5.960464477539063e-08, -2.980232238769531e-07, -0.0000017881393432617188, 1, -7.078052988163108e-08, 7.078055830334051e-08, 8.754432201385498e-08, 0.261810839176178, -0.9651192426681519, 5.587935447692871e-08, 0.9651192426681519, 0.26181086897850037),
            ["LowerTorso"] = CFrame.new(-0.003045091638341546, -0.026320695877075195, -0.18930158019065857, 0.9963523745536804, -0.055655304342508316, -0.06468730419874191, 0.04917626082897186, 0.993993878364563, -0.09776477515697479, 0.06973990797996521, 0.09422708302736282, 0.9931051135063171),
            ["Head"] = CFrame.new(-6.356276571750641e-08, 5.960464477539062e-07, -7.916241884231567e-09, 0.9997912645339966, 0.008483033627271652, -0.01859053410589695, -0.006939795799553394, 0.9966444969177246, 0.08155836164951324, 0.019220007583498955, -0.08141230791807175, 0.996495246887207),
            ["RightUpperArm"] = CFrame.new(2.384185791015625e-07, 3.5762786865234375e-07, -9.685754776000977e-08, 0.9722213745117188, 0.0005706959054805338, 0.23406273126602173, 0.04500694200396538, 0.9808804392814636, -0.18933598697185516, -0.22969555854797363, 0.19461098313331604, 0.9536072015762329),
            ["UpperTorso"] = CFrame.new(1.955777406692505e-08, -1.4901161193847656e-07, -4.71482053399086e-08, 0.9938446283340454, 0.013351387344300747, 0.10997602343559265, -0.01677846349775791, 0.9994001388549805, 0.030295798555016518, -0.1095055639743805, -0.03195452317595482, 0.9934725165367126),
            ["HumanoidRootPart"] = CFrame.new(0, 0, 0, 1, 0, 0, 0, 1, 0, 0, 0, 1),
            ["RightHand"] = CFrame.new(-1.9371509552001953e-07, -5.364418029785156e-07, 3.8743019104003906e-07, 0.9783759713172913, -0.1747625768184662, 0.11062844842672348, 0.16837859153747559, 0.9835963845252991, 0.06470611691474915, -0.1201220154762268, -0.0446794219315052, 0.9917532801628113),
            ["LeftUpperArm"] = CFrame.new(1.1920928955078125e-07, -7.152557373046875e-07, -6.891787052154541e-08, 0.9849960803985596, -0.12684409320354462, 0.1170186772942543, 0.16074344515800476, 0.42756932973861694, -0.8895763754844666, 0.06280390173196793, 0.8950392007827759, 0.4415434002876282),
            ["RightLowerArm"] = CFrame.new(-4.470348358154297e-07, -4.172325134277344e-07, 8.940696716308594e-08, 1, -1.6763793908580737e-08, -1.862644793959589e-08, 1.1175870895385742e-08, 0.9828173518180847, -0.1845809519290924, 7.450580596923828e-09, 0.18458092212677002, 0.9828172922134399),
            ["LeftHand"] = CFrame.new(8.195638656616211e-08, 9.5367431640625e-07, 1.1920928955078125e-07, 0.9477778673171997, 0.17068500816822052, 0.26941388845443726, -0.12759146094322205, 0.977116584777832, -0.17018714547157288, -0.2922971844673157, 0.12692460417747498, 0.9478673934936523),
            ["RightUpperLeg"] = CFrame.new(-1.1920928955078125e-07, -4.33996319770813e-07, -2.032174961641431e-08, 0.9984946250915527, 0.027416756376624107, 0.047507885843515396, 0.007112507242709398, 0.7940918803215027, -0.6077560186386108, -0.05438831076025963, 0.6071789860725403, 0.7927014827728271),
            ["LeftUpperLeg"] = CFrame.new(-1.7881393432617188e-07, -2.738088369369507e-07, 7.82310962677002e-08, 0.986792266368866, 0.011422401294112206, 0.16158762574195862, 0.01171892136335373, 0.9898635745048523, -0.14153771102428436, -0.16156643629074097, 0.14156199991703033, 0.9766558408737183),
            ["RightLowerLeg"] = CFrame.new(5.587935447692871e-09, -0.000003814697265625, -0.000013178381777834147, 1, -1.5087420024428866e-07, -1.2200332832890126e-07, 1.3317912817001343e-07, 0.2075209766626358, 0.9782304763793945, -1.1734664440155029e-07, -0.9782305359840393, 0.20752152800559998),
            ["RightFoot"] = CFrame.new(1.6763806343078613e-08, 4.76837158203125e-07, 8.365168469026685e-08, 0.9906671047210693, 0.13186919689178467, 0.03448733687400818, -0.1362980604171753, 0.9607848525047302, 0.24148590862751007, -0.0012904262403026223, -0.2439325749874115, 0.9697913527488708),
            ["LeftLowerLeg"] = CFrame.new(-1.601874828338623e-07, 0.000004172325134277344, 0.0000130385160446167, 1, 5.587932605521928e-08, 1.4901161193847656e-08, -6.705516852889559e-08, 0.8096640110015869, 0.5868937969207764, 1.6763792132223898e-08, -0.5868936777114868, 0.8096639513969421),
        }},
        {Time = 0.133, Data = {
            ["LeftFoot"] = CFrame.new(1.4901161193847656e-08, 1.7881393432617188e-07, 1.862645149230957e-09, 0.9939503073692322, 0.05619015544652939, 0.09436936676502228, -0.03403154015541077, 0.9744974374771118, -0.22180281579494476, -0.10442611575126648, 0.217249795794487, 0.9705143570899963),
            ["LeftLowerArm"] = CFrame.new(-2.9802322387695312e-08, -3.5762786865234375e-07, -4.76837158203125e-07, 1, -6.332993507385254e-08, 2.3283075023528e-08, 4.470348358154297e-08, 0.7883149981498718, -0.6152719259262085, 2.9802322387695312e-08, 0.6152718663215637, 0.7883150577545166),
            ["LowerTorso"] = CFrame.new(-0.010687154717743397, -0.01597905158996582, -0.17469875514507294, 0.9971433281898499, -0.06821224838495255, -0.03243906795978546, 0.06462808698415756, 0.992784321308136, -0.10100743174552917, 0.039094943553209305, 0.0986224040389061, 0.9943567514419556),
            ["Head"] = CFrame.new(-9.918585419654846e-08, 0.000001430511474609375, 6.984919309616089e-09, 0.9992961883544922, 0.030887581408023834, -0.021290944889187813, -0.029197894036769867, 0.9967137575149536, 0.07555948942899704, 0.02355482243001461, -0.07488465309143066, 0.9969140291213989),
            ["RightUpperArm"] = CFrame.new(0, 8.344650268554688e-07, -4.842877388000488e-08, 0.9500685930252075, 0.09752239286899567, 0.29641029238700867, 0.0687405914068222, 0.8611613512039185, -0.5036624670028687, -0.30437546968460083, 0.49888932704925537, 0.8114585876464844),
            ["UpperTorso"] = CFrame.new(-9.313225746154785e-10, -3.5762786865234375e-07, -4.202593117952347e-08, 0.9968782663345337, 0.01475997269153595, 0.07756168395280838, -0.021051062270998955, 0.9964975118637085, 0.08093003183603287, -0.07609549909830093, -0.08231017738580704, 0.9936974048614502),
            ["HumanoidRootPart"] = CFrame.new(0, 0, 0, 1, 0, 0, 0, 1, 0, 0, 0, 1),
            ["RightHand"] = CFrame.new(-2.384185791015625e-07, -4.76837158203125e-07, 1.4901161193847656e-07, 0.9989974498748779, 0.03999662771821022, -0.02011350356042385, -0.03403576463460922, 0.9703828692436218, 0.23916253447532654, 0.02908354252576828, -0.23823821544647217, 0.9707712531089783),
            ["LeftUpperArm"] = CFrame.new(0, -2.384185791015625e-07, -6.705522537231445e-08, 0.9738165736198425, -0.20288199186325073, 0.10256801545619965, 0.1963394731283188, 0.5231471061706543, -0.8293176889419556, 0.1145954579114914, 0.8277415037155151, 0.5492830276489258),
            ["RightLowerArm"] = CFrame.new(-1.1920928955078125e-07, 2.980232238769531e-07, 2.384185791015625e-07, 1, -2.2351731132630448e-08, 2.2351741790771484e-08, 5.960463766996327e-08, 0.905680775642395, -0.42396044731140137, 3.725289943190546e-08, 0.4239603579044342, 0.9056807160377502),
            ["LeftHand"] = CFrame.new(-1.043081283569336e-07, 1.7881393432617188e-07, 3.129243850708008e-07, 0.9983215928077698, 0.055134326219558716, 0.01772633008658886, -0.055676817893981934, 0.9979447722434998, 0.031724173575639725, -0.015940696001052856, -0.032657843083143234, 0.9993394613265991),
            ["RightUpperLeg"] = CFrame.new(-2.980232238769531e-07, -1.993030309677124e-07, 6.908521754667163e-08, 0.9980219602584839, 0.03510625660419464, 0.05215159431099892, -0.003687098855152726, 0.86081463098526, -0.5089055299758911, -0.06275861710309982, 0.507706344127655, 0.859241247177124),
            ["LeftUpperLeg"] = CFrame.new(-5.960464477539063e-08, -7.022172212600708e-07, 1.2852251529693604e-07, 0.9916762709617615, 0.018444983288645744, 0.12742848694324493, 0.004524919670075178, 0.9840819835662842, -0.1776580959558487, -0.1286768615245819, 0.1767558753490448, 0.9758071303367615),
            ["RightLowerLeg"] = CFrame.new(2.8870999813079834e-08, -0.000003933906555175781, -0.000013439152098726481, 1, -1.0081564738584348e-07, -2.002343002516227e-08, 1.0430809993522416e-07, 0.7780967354774475, 0.6281442046165466, -4.097818262494002e-08, -0.628144383430481, 0.7780970335006714),
            ["RightFoot"] = CFrame.new(-2.7939677238464355e-08, 1.7881393432617188e-07, -5.697802407667041e-08, 0.9984312057495117, 0.05592215061187744, 0.0028091741260141134, -0.05598684400320053, 0.9963563680648804, 0.0643390491604805, 0.0007990020676515996, -0.06439516693353653, 0.9979241490364075),
            ["LeftLowerLeg"] = CFrame.new(-1.9744038581848145e-07, 0.000004231929779052734, 0.000013042241334915161, 1, 5.21540464148984e-08, 2.0489098417897367e-08, -3.7252885221050747e-08, 0.791989266872406, 0.6105353236198425, 5.587932783157612e-09, -0.6105350852012634, 0.7919890284538269),
        }},
        {Time = 0.167, Data = {
            ["LeftFoot"] = CFrame.new(-1.3969838619232178e-09, -1.7881393432617188e-07, -8.381903171539307e-09, 0.9923228025436401, 0.07701309025287628, 0.09676966816186905, -0.04771747067570686, 0.9602839946746826, -0.2749137878417969, -0.11409854143857956, 0.26818573474884033, 0.9565867185592651),
            ["LeftLowerArm"] = CFrame.new(4.76837158203125e-07, 1.1920928955078125e-07, -8.568167686462402e-07, 1, 1.4901162970204496e-08, 0, -7.450582373280668e-09, 0.9911792874336243, -0.132528617978096, -7.450582373280668e-09, 0.13252860307693481, 0.9911792874336243),
            ["LowerTorso"] = CFrame.new(-0.02064717933535576, -0.03995919227600098, -0.1490982174873352, 0.9963076710700989, -0.07588133215904236, 0.04016255587339401, 0.07955997437238693, 0.9918301701545715, -0.09971529990434647, -0.03226789832115173, 0.102542445063591, 0.9942052364349365),
            ["Head"] = CFrame.new(-4.284083843231201e-08, 0.0000013113021850585938, -1.30385160446167e-08, 0.9985737800598145, 0.046557605266571045, -0.026131870225071907, -0.044597454369068146, 0.9964680671691895, 0.07115142047405243, 0.02935219742357731, -0.0698845386505127, 0.9971232414245605),
            ["RightUpperArm"] = CFrame.new(0, 0.0000010728836059570312, -6.51925802230835e-08, 0.9218190312385559, 0.1342146396636963, 0.36364293098449707, 0.20283463597297668, 0.632424533367157, -0.7475944757461548, -0.33031490445137024, 0.7629061341285706, 0.5557575225830078),
            ["UpperTorso"] = CFrame.new(7.683411240577698e-09, -2.384185791015625e-07, -9.825453162193298e-08, 0.9996126890182495, 0.02643372118473053, 0.008707643486559391, -0.027377894148230553, 0.9901964664459229, 0.1369723677635193, -0.005001583136618137, -0.13715772330760956, 0.9905366897583008),
            ["HumanoidRootPart"] = CFrame.new(0, 0, 0, 1, 0, 0, 0, 1, 0, 0, 0, 1),
            ["RightHand"] = CFrame.new(2.384185791015625e-07, -2.980232238769531e-07, 5.066394805908203e-07, 0.9980957508087158, -0.05822227895259857, 0.02037232182919979, 0.0593763031065464, 0.9963350296020508, -0.06157175824046135, -0.016712862998247147, 0.06266413629055023, 0.997894823551178),
            ["LeftUpperArm"] = CFrame.new(1.7881393432617188e-07, 3.5762786865234375e-07, -6.146728992462158e-08, 0.9747670292854309, -0.22277483344078064, 0.014172142371535301, 0.1515137106180191, 0.6136629581451416, -0.7748944759368896, 0.16393007338047028, 0.7574887871742249, 0.6319318413734436),
            ["RightLowerArm"] = CFrame.new(4.76837158203125e-07, 1.1920928955078125e-07, 7.152557373046875e-07, 1, -8.847562327218839e-08, 2.2351736461700966e-08, 8.940699558479537e-08, 0.6958011388778687, -0.7182345390319824, 4.4703497792397684e-08, 0.7182345390319824, 0.6958010792732239),
            ["LeftHand"] = CFrame.new(-2.9802322387695312e-08, -2.384185791015625e-07, 2.980232238769531e-07, 0.9943549036979675, -0.10609704256057739, -0.0013373190304264426, 0.10572018474340439, 0.9895917773246765, 0.09762965142726898, -0.009034817107021809, -0.09721990674734116, 0.9952219724655151),
            ["RightUpperLeg"] = CFrame.new(-5.960464477539063e-08, 5.681067705154419e-07, -1.339431037195027e-07, 0.9995291829109192, -0.0036781851667910814, -0.030460268259048462, -0.013474884442985058, 0.8392903208732605, -0.543516993522644, 0.027564115822315216, 0.5436710715293884, 0.838845431804657),
            ["LeftUpperLeg"] = CFrame.new(-1.1920928955078125e-07, -1.51805579662323e-07, 5.587935447692871e-09, 0.9985048174858093, 0.0033035469241440296, 0.05456479266285896, 0.009289422072470188, 0.9734001755714417, -0.22892367839813232, -0.05386963114142418, 0.22908800840377808, 0.9719139337539673),
            ["RightLowerLeg"] = CFrame.new(1.3969838619232178e-08, -0.000003993511199951172, -0.000013305041647981852, 1, -4.8894452930881016e-08, -6.51925802230835e-09, 4.0279704904833125e-08, 0.9469466805458069, 0.32139021158218384, -1.25728565336658e-08, -0.32139068841934204, 0.946946918964386),
            ["RightFoot"] = CFrame.new(-8.381903171539307e-09, 2.980232238769531e-07, 1.6933336155489087e-07, 0.9975564479827881, 0.053829774260520935, -0.044538356363773346, -0.056865714490413666, 0.9959271550178528, -0.06996732205152512, 0.04059067741036415, 0.07232967019081116, 0.9965545535087585),
            ["LeftLowerLeg"] = CFrame.new(-1.601874828338623e-07, 0.000003874301910400391, 0.000012971460819244385, 1, 5.960462345910855e-08, 2.2351736461700966e-08, -8.009369167893965e-08, 0.7533652782440186, 0.6576020121574402, 3.3527591369875154e-08, -0.6576023101806641, 0.7533654570579529),
        }},
        {Time = 0.200, Data = {
            ["LeftFoot"] = CFrame.new(5.122274160385132e-09, 5.960464477539063e-08, -4.6566128730773926e-09, 0.9899494051933289, 0.10493287444114685, 0.0948120728135109, -0.0634438619017601, 0.9286884665489197, -0.36539360880851746, -0.12639275193214417, 0.35570624470710754, 0.9260120391845703),
            ["LeftLowerArm"] = CFrame.new(3.5762786865234375e-07, -5.960464477539063e-08, -0.000001087784767150879, 1, -7.450580596923828e-09, -7.450584149637507e-09, 2.980232949312267e-08, 0.9976648092269897, -0.0683014914393425, 0, 0.06830138713121414, 0.9976648092269897),
            ["LowerTorso"] = CFrame.new(-0.029867414385080338, -0.07805013656616211, -0.12189778685569763, 0.9902699589729309, -0.08068858832120895, 0.11337944120168686, 0.09177947789430618, 0.9911150932312012, -0.0962677150964737, -0.10460437089204788, 0.10573691874742508, 0.98887699842453),
            ["Head"] = CFrame.new(-9.592622518539429e-08, 9.5367431640625e-07, 3.119930624961853e-08, 0.9980234503746033, 0.054031454026699066, -0.032093122601509094, -0.051850657910108566, 0.9965187311172485, 0.06528391689062119, 0.03550877794623375, -0.0634908378124237, 0.9973505735397339),
            ["RightUpperArm"] = CFrame.new(1.1920928955078125e-07, 3.5762786865234375e-07, -7.450580596923828e-09, 0.9584496021270752, 0.13425643742084503, 0.2516933083534241, 0.18571637570858002, 0.3760482668876648, -0.9077980518341064, -0.216526597738266, 0.9168221950531006, 0.3354896306991577),
            ["UpperTorso"] = CFrame.new(-1.0244548320770264e-08, -5.364418029785156e-07, -4.7963112592697144e-08, 0.9971619248390198, 0.048737891018390656, -0.05738283693790436, -0.03699135035276413, 0.9810086488723755, 0.19040429592132568, 0.06557296961545944, -0.187741219997406, 0.9800273180007935),
            ["HumanoidRootPart"] = CFrame.new(0, 0, 0, 1, 0, 0, 0, 1, 0, 0, 0, 1),
            ["RightHand"] = CFrame.new(-5.960464477539063e-08, -8.344650268554688e-07, 3.3527612686157227e-07, 0.9673510193824768, -0.24438679218292236, 0.06713560968637466, 0.24860745668411255, 0.9664914011955261, -0.06394340842962265, -0.04925907403230667, 0.07854609191417694, 0.9956928491592407),
            ["LeftUpperArm"] = CFrame.new(5.960464477539063e-08, -9.5367431640625e-07, -2.9802322387695312e-08, 0.9681745171546936, -0.24911010265350342, 0.02413283661007881, 0.183530792593956, 0.6411077976226807, -0.7451826930046082, 0.17016080021858215, 0.7258959412574768, 0.6664235591888428),
            ["RightLowerArm"] = CFrame.new(-1.1920928955078125e-07, 1.1920928955078125e-07, 4.172325134277344e-07, 1, -5.215403220404369e-08, 2.2351745343485163e-08, 7.4505820180093e-08, 0.6611976027488708, -0.7502118349075317, 5.215407838932151e-08, 0.7502117156982422, 0.6611976027488708),
            ["LeftHand"] = CFrame.new(-2.9802322387695312e-08, 6.556510925292969e-07, 5.960464477539063e-08, 0.9864251613616943, -0.15248921513557434, -0.060931138694286346, 0.1582397073507309, 0.9818508625030518, 0.10454294830560684, 0.04388360306620598, -0.11276549100875854, 0.9926521182060242),
            ["RightUpperLeg"] = CFrame.new(-1.4901161193847656e-07, -1.4156103134155273e-07, -1.507069100625813e-07, 0.9945158362388611, -0.06278179585933685, -0.08364688605070114, -0.02505364641547203, 0.6334902048110962, -0.7733450531959534, 0.10154146701097488, 0.7711994647979736, 0.6284431219100952),
            ["LeftUpperLeg"] = CFrame.new(-2.980232238769531e-07, -7.69738107919693e-07, 3.725290298461914e-09, 0.9995954036712646, -0.022404829040169716, -0.017524389550089836, 0.01687367632985115, 0.963054358959198, -0.26877811551094055, 0.022898856550455093, 0.2683735191822052, 0.963042676448822),
            ["RightLowerLeg"] = CFrame.new(7.264316082000732e-08, -0.0000036954879760742188, -0.000013288277841638774, 1, -7.753260433673859e-08, -1.909211277961731e-08, 7.12461769580841e-08, 0.8669242262840271, 0.498439759016037, -2.2584572434425354e-08, -0.49844005703926086, 0.8669243454933167),
            ["RightFoot"] = CFrame.new(2.60770320892334e-08, 2.980232238769531e-07, -1.3427779776975513e-07, 0.9924871325492859, 0.027387332171201706, -0.11924496293067932, -0.06545499712228775, 0.942277193069458, -0.3283735513687134, 0.10336840897798538, 0.3337118327617645, 0.9369906783103943),
            ["LeftLowerLeg"] = CFrame.new(-1.7695128917694092e-07, 0.000003993511199951172, 0.000013120472431182861, 1, 6.519255180137407e-08, 1.1175869119028903e-08, -6.519255180137407e-08, 0.7178225517272949, 0.6962263584136963, 2.9802308176840597e-08, -0.6962260007858276, 0.7178223729133606),
        }},
        {Time = 0.233, Data = {
            ["LeftFoot"] = CFrame.new(4.8836227506399155e-08, 5.960464477539063e-08, 5.587935447692871e-09, 0.9884369373321533, 0.11854007840156555, 0.09455612301826477, -0.06928818672895432, 0.907764732837677, -0.41371726989746094, -0.13487686216831207, 0.4023822247982025, 0.9054816961288452),
            ["LeftLowerArm"] = CFrame.new(0, 5.960464477539063e-08, -4.172325134277344e-07, 1, -7.450580596923828e-09, 0, 2.2351745343485163e-08, 0.9999784231185913, -0.006572885904461145, -7.450581485102248e-09, 0.006572887301445007, 0.9999784231185913),
            ["LowerTorso"] = CFrame.new(-0.036690983921289444, -0.11086821556091309, -0.10132241249084473, 0.9852597713470459, -0.08576247096061707, 0.14801359176635742, 0.09991743415594101, 0.9908258318901062, -0.09099815040826797, -0.13885144889354706, 0.1044459342956543, 0.9847900867462158),
            ["Head"] = CFrame.new(-7.82310962677002e-08, 5.960464477539062e-07, -2.8870999813079834e-08, 0.9978805780410767, 0.053322065621614456, -0.03729798644781113, -0.05129148066043854, 0.99725341796875, 0.05343015119433403, 0.040044549852609634, -0.051403824239969254, 0.9978747963905334),
            ["RightUpperArm"] = CFrame.new(0, 8.344650268554688e-07, -1.4901161193847656e-08, 0.9823448061943054, 0.12904715538024902, 0.13544602692127228, 0.12267182767391205, 0.10229635238647461, -0.9871610999107361, -0.1412459760904312, 0.9863479733467102, 0.08465980738401413),
            ["UpperTorso"] = CFrame.new(7.450580596923828e-09, -2.980232238769531e-07, -7.916241884231567e-08, 0.9939600825309753, 0.07090740650892258, -0.08375974744558334, -0.04978315532207489, 0.97151780128479, 0.23167860507965088, 0.09780184924602509, -0.22610943019390106, 0.9691798090934753),
            ["HumanoidRootPart"] = CFrame.new(0, 0, 0, 1, 0, 0, 0, 1, 0, 0, 0, 1),
            ["RightHand"] = CFrame.new(0, -7.152557373046875e-07, 2.477318048477173e-07, 0.9633303284645081, -0.2622125744819641, 0.05691393092274666, 0.2676812410354614, 0.9537813067436218, -0.13655827939510345, -0.018476158380508423, 0.14678546786308289, 0.9889957904815674),
            ["LeftUpperArm"] = CFrame.new(1.7881393432617188e-07, -3.5762786865234375e-07, -6.332993507385254e-08, 0.9636088013648987, -0.26631301641464233, 0.02314276620745659, 0.1920562982559204, 0.6294963359832764, -0.7528936266899109, 0.1859370768070221, 0.7299395799636841, 0.6577351689338684),
            ["RightLowerArm"] = CFrame.new(5.960464477539063e-08, 0, 4.3213367462158203e-07, 1, -6.705520405603238e-08, 2.7939670133036998e-08, 7.823110337312755e-08, 0.6100910902023315, -0.7923312783241272, 5.587936158235607e-08, 0.7923312187194824, 0.6100912094116211),
            ["LeftHand"] = CFrame.new(-1.1920928955078125e-07, 2.980232238769531e-07, -4.917383193969727e-07, 0.9786890745162964, -0.019221892580389977, -0.20444628596305847, 0.01619063876569271, 0.9997329711914062, -0.016489127650856972, 0.20470868051052094, 0.012827517464756966, 0.9787389636039734),
            ["RightUpperLeg"] = CFrame.new(-1.7881393432617188e-07, -5.569308996200562e-07, -1.6952981241047382e-09, 0.9898977875709534, -0.09897620230913162, -0.10151969641447067, -0.048037514090538025, 0.43954387307167053, -0.8969358205795288, 0.13339763879776, 0.8927513360977173, 0.4303487539291382),
            ["LeftUpperLeg"] = CFrame.new(-2.980232238769531e-07, -4.994217306375504e-07, 4.842877388000488e-08, 0.9979738593101501, -0.03845614939928055, -0.05068818852305412, 0.020044738426804543, 0.9461315274238586, -0.3231618404388428, 0.06038523465394974, 0.32149070501327515, 0.9449852705001831),
            ["RightLowerLeg"] = CFrame.new(-5.122274160385132e-08, -0.000003635883331298828, -0.000013074073649477214, 1, -9.872020712009544e-08, -2.7008358216562556e-08, 9.709037840366364e-08, 0.7716520428657532, 0.6360445618629456, -3.4226104617118835e-08, -0.6360450387001038, 0.7716524004936218),
            ["RightFoot"] = CFrame.new(-2.0489096641540527e-08, 5.364418029785156e-07, -6.908521754667163e-08, 0.992976188659668, -0.021126411855220795, -0.11641307175159454, -0.03335151448845863, 0.8940466046333313, -0.4467306137084961, 0.11351645737886429, 0.447475790977478, 0.8870624899864197),
            ["LeftLowerLeg"] = CFrame.new(-1.8440186977386475e-07, 0.000004172325134277344, 0.00001309812068939209, 1, 7.450579175838357e-08, 2.4214383387288763e-08, -8.568163423205988e-08, 0.6631891131401062, 0.7484518885612488, 3.352759847530251e-08, -0.748451828956604, 0.6631891131401062),
        }},
        {Time = 0.267, Data = {
            ["LeftFoot"] = CFrame.new(3.9173755794763565e-08, 0, 1.3504177331924438e-08, 0.9876803159713745, 0.12417932599782944, 0.09522106498479843, -0.07093144953250885, 0.8976679444313049, -0.43492668867111206, -0.1394859254360199, 0.42281433939933777, 0.8954170942306519),
            ["LeftLowerArm"] = CFrame.new(4.470348358154297e-07, -3.5762786865234375e-07, -9.462237358093262e-07, 1, -1.4901164746561335e-08, 7.450585925994346e-09, 1.4901166522918174e-08, 0.9993117451667786, -0.03709656372666359, 7.450583261459087e-09, 0.037096574902534485, 0.9993117451667786),
            ["LowerTorso"] = CFrame.new(-0.039356790482997894, -0.12886643409729004, -0.09057722985744476, 0.9828454256057739, -0.08832017332315445, 0.16190889477729797, 0.10298802703619003, 0.991083025932312, -0.08454558253288269, -0.15299805998802185, 0.09976990520954132, 0.9831773638725281),
            ["Head"] = CFrame.new(-8.568167686462402e-08, 0.0000013113021850585938, -5.448237061500549e-08, 0.9979695677757263, 0.05016065388917923, -0.03925292193889618, -0.04864124953746796, 0.9980643391609192, 0.038750793784856796, 0.041120704263448715, -0.036762770265340805, 0.9984776973724365),
            ["RightUpperArm"] = CFrame.new(1.1920928955078125e-07, 4.76837158203125e-07, -8.195638656616211e-08, 0.9904851317405701, 0.12714536488056183, 0.052662525326013565, 0.07283733040094376, -0.15965142846107483, -0.9844827055931091, -0.11676478385925293, 0.9789512157440186, -0.167393296957016),
            ["UpperTorso"] = CFrame.new(-1.0244548320770264e-08, -3.5762786865234375e-07, -4.563480615615845e-08, 0.9920159578323364, 0.08386950939893723, -0.09418230503797531, -0.05735550820827484, 0.9651476740837097, 0.2553437352180481, 0.1123153567314148, -0.24790316820144653, 0.9622521996498108),
            ["HumanoidRootPart"] = CFrame.new(0, 0, 0, 1, 0, 0, 0, 1, 0, 0, 0, 1),
            ["RightHand"] = CFrame.new(-8.940696716308594e-08, -9.5367431640625e-07, 4.6938657760620117e-07, 0.9546933770179749, -0.2973189055919647, 0.012732895091176033, 0.29725387692451477, 0.9506998658180237, -0.0883750170469284, 0.01417041290551424, 0.0881558358669281, 0.9960059523582458),
            ["LeftUpperArm"] = CFrame.new(2.384185791015625e-07, 1.1920928955078125e-07, -5.960464477539063e-08, 0.9637337327003479, -0.2668641209602356, 0.0009929202497005463, 0.18000909686088562, 0.6473159790039062, -0.7406610250473022, 0.19701308012008667, 0.7139787673950195, 0.6718781590461731),
            ["RightLowerArm"] = CFrame.new(7.748603820800781e-07, -2.980232238769531e-07, 4.12575900554657e-07, 1, -5.960460214282648e-08, 1.4901157641133977e-08, 6.199114466198807e-08, 0.6200729012489319, -0.7845442295074463, 3.8999122153882126e-08, 0.7845442295074463, 0.6200729608535767),
            ["LeftHand"] = CFrame.new(-1.043081283569336e-07, 3.5762786865234375e-07, -5.587935447692871e-07, 0.9268597364425659, 0.11853029578924179, -0.3562045693397522, -0.13517062366008759, 0.990575909614563, -0.022096548229455948, 0.35022857785224915, 0.06862892955541611, 0.9341467618942261),
            ["RightUpperLeg"] = CFrame.new(5.960464477539063e-08, -7.450580596923828e-08, -2.4047039914876223e-08, 0.9812968969345093, -0.13568347692489624, -0.1365516483783722, -0.09752306342124939, 0.26118388772010803, -0.9603502154350281, 0.16596880555152893, 0.9557055234909058, 0.24306625127792358),
