return {
    ["On Your Marks..."] = {
        {Time = 0.000, Data = {
            ["RightFoot"] = CFrame.new(1.043081283569336e-07, 2.384185791015625e-07, -2.0656443666666746e-08, 0.9492956399917603, 0.31340116262435913, -0.024854063987731934, -0.29295647144317627, 0.8531357645988464, -0.4316660761833191, -0.11408093571662903, 0.41706016659736633, 0.9016910791397095),
            ["LeftLowerArm"] = CFrame.new(-1.1920928955078125e-07, 1.7881393432617188e-07, 5.960464477539063e-08, 1, -1.1920928955078125e-07, -1.341104507446289e-07, 5.960465188081798e-08, 0.7521988749504089, -0.6589363813400269, 2.980232594040899e-08, 0.6589362025260925, 0.7521986961364746),
            ["RightUpperArm"] = CFrame.new(0, 0, 1.4901161193847656e-08, 0.955660879611969, -0.286401629447937, -0.068457692861557, 0.2940221428871155, 0.915255069732666, 0.27542540431022644, -0.01622593216598034, -0.2833414077758789, 0.9588819146156311),
            ["Head"] = CFrame.new(1.4784745872020721e-08, -1.1920928955078125e-07, -1.6618287190794945e-08, 0.9392867684364319, -0.012871375307440758, 0.3428919017314911, 0.022606201469898224, 0.9994465112686157, -0.02440902218222618, -0.3423879146575928, 0.030678730458021164, 0.9390576481819153),
            ["RightHand"] = CFrame.new(8.940696716308594e-08, 2.384185791015625e-07, -7.35744833946228e-08, 0.980781078338623, 0.1833430528640747, -0.0667358934879303, -0.1911730170249939, 0.9713988900184631, -0.14084401726722717, 0.03900446742773056, 0.15089547634124756, 0.987779974937439),
            ["UpperTorso"] = CFrame.new(1.5133991837501526e-09, -2.9802322387695312e-08, -9.313225746154785e-09, 0.9965618252754211, -0.005866843741387129, -0.08264493197202682, 0.022647222504019737, 0.9787911176681519, 0.20360533893108368, 0.07969753444194794, -0.20477694272994995, 0.9755586981773376),
            ["HumanoidRootPart"] = CFrame.new(0, 0, 0, 1, 0, 0, 0, 1, 0, 0, 0, 1),
            ["RightUpperLeg"] = CFrame.new(-2.9802322387695312e-08, -1.6437843441963196e-07, -2.4047039914876223e-08, 0.8568061590194702, -0.3354934751987457, -0.3915700614452362, 0.33160486817359924, 0.9400357007980347, -0.07981915771961212, 0.3948688805103302, -0.06145719438791275, 0.9166797399520874),
            ["LeftUpperArm"] = CFrame.new(0, -1.1920928955078125e-07, 0, 0.7778388857841492, 0.5237531065940857, -0.34734660387039185, -0.44108033180236816, 0.8486618995666504, 0.29192623496055603, 0.44767704606056213, -0.0738636702299118, 0.8911393880844116),
            ["RightLowerArm"] = CFrame.new(-5.960464477539063e-08, 1.1920928955078125e-07, -1.1920928955078125e-07, 1, 6.519258910486769e-09, -2.6077035641947077e-08, 7.450581307466564e-08, 0.8360015153884888, -0.5487272143363953, 2.980232594040899e-08, 0.5487272143363953, 0.8360015153884888),
            ["LeftHand"] = CFrame.new(1.7881393432617188e-07, 5.960464477539063e-08, 1.6391277313232422e-07, 0.9690312743186951, -0.21799419820308685, 0.11600508540868759, 0.21395345032215118, 0.9757429957389832, 0.04636257886886597, -0.12329767644405365, -0.02010718546807766, 0.9921660423278809),
            ["LeftFoot"] = CFrame.new(-1.4901161193847656e-08, 1.1920928955078125e-07, 1.7229467630386353e-08, 0.9793012738227844, -0.20094017684459686, -0.024332864210009575, 0.20071592926979065, 0.979583740234375, -0.011355225928127766, 0.026117926463484764, 0.006236250512301922, 0.9996395111083984),
            ["LowerTorso"] = CFrame.new(-0.058047425001859665, -0.17748475074768066, 0.06831701099872589, 0.9634845852851868, -0.009919272735714912, -0.26758018136024475, 0.0006419557612389326, 0.9993963837623596, -0.03473649546504021, 0.2677631974220276, 0.033296309411525726, 0.9629092812538147),
            ["RightLowerLeg"] = CFrame.new(0, -0.00006002187728881836, -0.00007207522139651701, 1, -1.0430816388407038e-07, -8.940698847936801e-08, 6.705523958316917e-08, 0.84438157081604, 0.5357419848442078, -6.332994928470725e-08, -0.5357423424720764, 0.8443817496299744),
            ["LeftUpperLeg"] = CFrame.new(2.9802322387695312e-08, -2.8545036911964417e-07, 1.4901161193847656e-08, 0.9585469365119934, 0.28043079376220703, 0.050462160259485245, -0.2105792611837387, 0.8165150284767151, -0.5375496745109558, -0.19194872677326202, 0.5046402812004089, 0.8417208790779114),
            ["LeftLowerLeg"] = CFrame.new(4.0978193283081055e-08, 0.00006079673767089844, 0.00007203221321105957, 1, 5.785842915884132e-08, 1.4726543540177772e-08, -4.0978196835794733e-08, 0.8176634907722473, 0.575696587562561, -1.4901162970204496e-08, -0.5756965279579163, 0.8176634907722473),
        }},
        {Time = 0.033, Data = {
            ["RightFoot"] = CFrame.new(-2.2351741790771484e-08, 4.172325134277344e-07, 2.4047039914876223e-08, 0.9513528347015381, 0.3069114089012146, -0.02707854099571705, -0.2878008782863617, 0.853847324848175, -0.43372243642807007, -0.10999350249767303, 0.42041656374931335, 0.900639533996582),
            ["LeftLowerArm"] = CFrame.new(3.5762786865234375e-07, -5.960464477539063e-08, 0, 1, -6.14673041354763e-08, 5.960465188081798e-08, 8.195640788244418e-08, 0.7633339762687683, -0.6460042595863342, 4.4703494239684005e-08, 0.6460041999816895, 0.763333797454834),
            ["RightUpperArm"] = CFrame.new(0, -1.1920928955078125e-07, -4.470348358154297e-08, 0.9581129550933838, -0.2841753363609314, -0.03555310145020485, 0.28292763233184814, 0.9199585318565369, 0.27134543657302856, -0.04440231993794441, -0.27003851532936096, 0.9618252515792847),
            ["Head"] = CFrame.new(1.0244548320770264e-08, -1.1920928955078125e-07, -6.51925802230835e-09, 0.9455639123916626, 0.0030244537629187107, 0.325422465801239, 0.006817549001425505, 0.9995533227920532, -0.02909981645643711, -0.32536500692367554, 0.029734503477811813, 0.9451208710670471),
            ["RightHand"] = CFrame.new(-8.940696716308594e-08, -2.980232238769531e-07, -1.2200325727462769e-07, 0.9810479879379272, 0.18738174438476562, -0.04932516813278198, -0.1923004388809204, 0.9727983474731445, -0.12916651368141174, 0.02378007024526596, 0.13620403409004211, 0.9903954267501831),
            ["UpperTorso"] = CFrame.new(-1.0477378964424133e-09, 2.384185791015625e-07, -1.0244548320770264e-08, 0.996279239654541, -0.020134154707193375, -0.08379935473203659, 0.03662188723683357, 0.9790800213813782, 0.20015279948711395, 0.07801634073257446, -0.20247694849967957, 0.9761744141578674),
            ["HumanoidRootPart"] = CFrame.new(0, 0, 0, 1, 0, 0, 0, 1, 0, 0, 0, 1),
            ["RightUpperLeg"] = CFrame.new(5.960464477539063e-08, 1.9813887774944305e-07, -1.4733814168721437e-08, 0.8584774732589722, -0.3288678824901581, -0.3935254216194153, 0.32558897137641907, 0.9423508048057556, -0.07724576443433762, 0.396242618560791, -0.06181388720870018, 0.9160627126693726),
            ["LeftUpperArm"] = CFrame.new(0, -2.384185791015625e-07, -5.960464477539063e-08, 0.7773754000663757, 0.5309173464775085, -0.3373643159866333, -0.447643518447876, 0.8437057137489319, 0.2962694764137268, 0.44193077087402344, -0.0792936459183693, 0.8935377597808838),
            ["RightLowerArm"] = CFrame.new(-5.960464477539063e-08, -2.980232238769531e-07, 1.1920928955078125e-07, 1, -5.774198541530495e-08, 4.0978193283081055e-08, 4.470348358154297e-08, 0.834433913230896, -0.5511081218719482, 1.4901161193847656e-08, 0.5511080622673035, 0.8344338536262512),
            ["LeftHand"] = CFrame.new(5.960464477539063e-08, -2.384185791015625e-07, 2.9802322387695312e-08, 0.9679317474365234, -0.22583115100860596, 0.11003946512937546, 0.22191986441612244, 0.9739440083503723, 0.0467388890683651, -0.11772714555263519, -0.02082010544836521, 0.9928277134895325),
            ["LeftFoot"] = CFrame.new(8.195638656616211e-08, -5.960464477539063e-08, 6.752088665962219e-09, 0.9789779186248779, -0.20338889956474304, -0.015336135402321815, 0.20348183810710907, 0.9790672063827515, 0.004747709259390831, 0.01404954120516777, -0.007768644951283932, 0.9998711347579956),
            ["LowerTorso"] = CFrame.new(-0.047273196280002594, -0.17403101921081543, 0.07209694385528564, 0.9640480279922485, -0.008378229103982449, -0.2655959725379944, -0.0004963739193044603, 0.9994443655014038, -0.0333293080329895, 0.26572760939598083, 0.0322628989815712, 0.9635081887245178),
            ["RightLowerLeg"] = CFrame.new(-1.4901161193847656e-08, -0.000060439109802246094, -0.00007211247429950163, 1, -7.07805440924858e-08, -4.4703490686970326e-08, 7.450581307466564e-08, 0.8454416394233704, 0.5340674519538879, -1.1920930376163597e-07, -0.5340679883956909, 0.8454418778419495),
            ["LeftUpperLeg"] = CFrame.new(-1.7881393432617188e-07, 2.430751919746399e-07, 5.587935447692871e-09, 0.9585449695587158, 0.28050264716148376, 0.050098612904548645, -0.2117956131696701, 0.8190007209777832, -0.533273458480835, -0.1906154304742813, 0.5005558133125305, 0.8444582223892212),
            ["LeftLowerLeg"] = CFrame.new(5.21540641784668e-08, 0.000060677528381347656, 0.00007212162017822266, 1, 4.400499520329504e-08, -7.450581485102248e-09, -6.705523247774181e-08, 0.8254382610321045, 0.5644924640655518, 2.2351745343485163e-08, -0.5644924640655518, 0.8254383206367493),
        }},
        {Time = 0.067, Data = {
            ["RightFoot"] = CFrame.new(2.9802322387695312e-08, 4.172325134277344e-07, -5.045876605436206e-08, 0.9540245532989502, 0.29796987771987915, -0.032421596348285675, -0.28286561369895935, 0.8592967987060547, -0.4261404573917389, -0.09911740571260452, 0.41571977734565735, 0.9040758609771729),
            ["LeftLowerArm"] = CFrame.new(2.384185791015625e-07, 5.960464477539063e-08, -1.7881393432617188e-07, 1, -1.862645504502325e-08, -4.097820394122209e-08, 9.685756907629184e-08, 0.7932522296905518, -0.6088934540748596, -1.4901164746561335e-08, 0.6088931560516357, 0.7932521104812622),
            ["RightUpperArm"] = CFrame.new(0, -3.5762786865234375e-07, 2.9802322387695312e-08, 0.9619402289390564, -0.2732372581958771, 0.0035465178079903126, 0.2639361619949341, 0.932400643825531, 0.24691462516784668, -0.07077305018901825, -0.2365809977054596, 0.9690307974815369),
            ["Head"] = CFrame.new(1.862645149230957e-09, -2.384185791015625e-07, 8.754432201385498e-08, 0.9597259759902954, 0.022925661876797676, 0.28000080585479736, -0.013257400132715702, 0.9992503523826599, -0.03637561574578285, -0.28062471747398376, 0.03119870088994503, 0.9593104720115662),
            ["RightHand"] = CFrame.new(5.960464477539063e-08, 3.5762786865234375e-07, -1.2665987014770508e-07, 0.9801485538482666, 0.19823014736175537, -0.0037061860784888268, -0.19750802218914032, 0.9746043086051941, -0.10553283244371414, -0.01730765774846077, 0.10416990518569946, 0.9944089651107788),
            ["UpperTorso"] = CFrame.new(4.656612873077393e-10, -5.960464477539063e-08, 7.450580596923828e-09, 0.9957433342933655, -0.035990357398986816, -0.08485336601734161, 0.05209188908338547, 0.9792285561561584, 0.19595405459403992, 0.07603836804628372, -0.19954007863998413, 0.9769350290298462),
            ["HumanoidRootPart"] = CFrame.new(0, 0, 0, 1, 0, 0, 0, 1, 0, 0, 0, 1),
            ["RightUpperLeg"] = CFrame.new(5.960464477539063e-08, 2.3283064365386963e-09, 2.0656443666666746e-08, 0.8606106042861938, -0.3171675205230713, -0.3984396159648895, 0.3180655539035797, 0.9457787275314331, -0.06585630029439926, 0.3977232277393341, -0.07005341351032257, 0.914827287197113),
            ["LeftUpperArm"] = CFrame.new(0, -2.384185791015625e-07, 5.960464477539063e-08, 0.7854768633842468, 0.531124472618103, -0.31770017743110657, -0.4495665431022644, 0.8424592614173889, 0.296904057264328, 0.42534247040748596, -0.09038379788398743, 0.900507926940918),
            ["RightLowerArm"] = CFrame.new(1.7881393432617188e-07, 2.980232238769531e-07, 8.940696716308594e-08, 1, -1.6763804566721774e-08, 2.60770320892334e-08, 3.725290298461914e-08, 0.8342882990837097, -0.5513283014297485, 0, 0.5513283610343933, 0.8342884182929993),
            ["LeftHand"] = CFrame.new(1.1920928955078125e-07, 1.1920928955078125e-07, 5.960464477539063e-08, 0.9648272395133972, -0.24549084901809692, 0.09403752535581589, 0.2425706833600998, 0.969245970249176, 0.04149295389652252, -0.10133137553930283, -0.017222752794623375, 0.9947035908699036),
            ["LeftFoot"] = CFrame.new(-7.450580596923828e-09, 5.960464477539063e-08, 7.450580596923828e-08, 0.9796547293663025, -0.20060835778713226, 0.0057437242940068245, 0.20022417604923248, 0.9789273738861084, 0.04014461487531662, -0.01367607805877924, -0.03817731887102127, 0.9991773962974548),
            ["LowerTorso"] = CFrame.new(-0.0360720157623291, -0.16395783424377441, 0.07848792523145676, 0.9652737975120544, -0.004871375393122435, -0.26119494438171387, -0.003266841173171997, 0.9995229244232178, -0.03071451373398304, 0.26121994853019714, 0.03050120547413826, 0.96479731798172),
            ["RightLowerLeg"] = CFrame.new(0, -0.00006073713302612305, -0.00007201561675174162, 1, -7.450580596923828e-08, -4.4703490686970326e-08, 3.725289943190546e-08, 0.8574833869934082, 0.5145114064216614, -7.4505797087454084e-09, -0.51451176404953, 0.8574835658073425),
            ["LeftUpperLeg"] = CFrame.new(0, -4.901085048913956e-08, -1.1175870895385742e-08, 0.9601986408233643, 0.2739579677581787, 0.054457489401102066, -0.20568262040615082, 0.8254058361053467, -0.5257375836372375, -0.1889794021844864, 0.49361154437065125, 0.8489018678665161),
            ["LeftLowerLeg"] = CFrame.new(-2.9802322387695312e-08, 0.000060558319091796875, 0.00007209926843643188, 1, 2.2118905818047097e-08, 3.725289943190546e-08, -5.5879340266073996e-08, 0.8398071527481079, 0.5428845882415771, 5.5879340266073996e-08, -0.542884886264801, 0.8398072719573975),
        }},
        {Time = 0.100, Data = {
            ["RightFoot"] = CFrame.new(-5.960464477539063e-08, 2.384185791015625e-07, -4.300818545743823e-08, 0.9567543864250183, 0.2881866693496704, -0.0396200567483902, -0.2780318558216095, 0.8658620715141296, -0.41590988636016846, -0.08555416762828827, 0.4089394211769104, 0.9085424542427063),
            ["LeftLowerArm"] = CFrame.new(0, 0, 1.1920928955078125e-07, 1, -2.2351745343485163e-08, -1.0058285937475375e-07, 2.2351741790771484e-08, 0.8299065232276917, -0.5579026937484741, 1.4901161193847656e-08, 0.5579025149345398, 0.8299064040184021),
            ["RightUpperArm"] = CFrame.new(-1.1920928955078125e-07, 0, 2.9802322387695312e-08, 0.9650073051452637, -0.25881287455558777, 0.04215199872851372, 0.2453702986240387, 0.9479430317878723, 0.20297151803970337, -0.09248936176300049, -0.18552614748477936, 0.9782770276069641),
            ["Head"] = CFrame.new(-1.1175870895385742e-08, -1.1920928955078125e-07, 2.2351741790771484e-08, 0.9751527905464172, 0.0445316806435585, 0.21701157093048096, -0.035321079194545746, 0.9983103275299072, -0.046141356229782104, -0.21869967877864838, 0.037329915910959244, 0.9750779867172241),
            ["RightHand"] = CFrame.new(-1.2665987014770508e-07, 1.7881393432617188e-07, -2.9802322387695312e-08, 0.9750081896781921, 0.21383507549762726, 0.06027865782380104, -0.20913390815258026, 0.9749436974525452, -0.07581393420696259, -0.07497985661029816, 0.06131300330162048, 0.9952983856201172),
            ["UpperTorso"] = CFrame.new(7.450580596923828e-09, 0, -6.984919309616089e-09, 0.9948568344116211, -0.05402575433254242, -0.08567961305379868, 0.06999031454324722, 0.9781180024147034, 0.19592496752738953, 0.07321980595588684, -0.20091398060321808, 0.976868748664856),
            ["HumanoidRootPart"] = CFrame.new(0, 0, 0, 1, 0, 0, 0, 1, 0, 0, 0, 1),
            ["RightUpperLeg"] = CFrame.new(0, 2.9901275411248207e-07, -9.145878721028566e-09, 0.8617381453514099, -0.3062782287597656, -0.4044761061668396, 0.3123951852321625, 0.9484915733337402, -0.052659645676612854, 0.3997706472873688, -0.08097762614488602, 0.9130312204360962),
            ["LeftUpperArm"] = CFrame.new(5.960464477539063e-08, -2.384185791015625e-07, -2.9802322387695312e-08, 0.7986790537834167, 0.5261160731315613, -0.2920856475830078, -0.44885438680648804, 0.8441474437713623, 0.2931632697582245, 0.40080124139785767, -0.10303930193185806, 0.9103522896766663),
            ["RightLowerArm"] = CFrame.new(-2.980232238769531e-07, -3.5762786865234375e-07, -5.960464477539063e-08, 1, -1.862645504502325e-08, 4.842878453814592e-08, -2.2351745343485163e-08, 0.8358363509178162, -0.5489787459373474, -3.725290653733282e-08, 0.5489788055419922, 0.8358363509178162),
            ["LeftHand"] = CFrame.new(1.7881393432617188e-07, -1.1920928955078125e-07, 1.1920928955078125e-07, 0.9599379301071167, -0.27119311690330505, 0.07052479684352875, 0.26963019371032715, 0.962465226650238, 0.030986666679382324, -0.07628093659877777, -0.010729548521339893, 0.997028648853302),
            ["LeftFoot"] = CFrame.new(1.1175870895385742e-07, -5.960464477539063e-08, -2.7008354663848877e-08, 0.9802040457725525, -0.19572781026363373, 0.02984638139605522, 0.1923871785402298, 0.9771890044212341, 0.089938223361969, -0.04676905274391174, -0.08241604268550873, 0.9955000877380371),
            ["LowerTorso"] = CFrame.new(-0.025720139965415, -0.1515655517578125, 0.08773788809776306, 0.9672225713729858, 0.0008246980141848326, -0.25392886996269226, -0.008545990101993084, 0.9995339512825012, -0.029305804520845413, 0.2537863552570343, 0.030515313148498535, 0.9667788743972778),
            ["RightLowerLeg"] = CFrame.new(-8.940696716308594e-08, -0.000060558319091796875, -0.00007211992488009855, 1, -1.1175870895385742e-07, -8.195637946073475e-08, 5.215405707303944e-08, 0.8711234927177429, 0.49106383323669434, -6.332992796842518e-08, -0.491064190864563, 0.8711235523223877),
            ["LeftUpperLeg"] = CFrame.new(0, 1.8111313693225384e-07, -3.725290298461914e-08, 0.9631166458129883, 0.2619946599006653, 0.06136109679937363, -0.1942409723997116, 0.83472740650177, -0.5152676701545715, -0.1862170696258545, 0.48434391617774963, 0.8548299074172974),
            ["LeftLowerLeg"] = CFrame.new(-1.0617077350616455e-07, 0.000060677528381347656, 0.00007209926843643188, 1, 5.215405707303944e-08, 1.303851426825986e-08, -4.842877388000488e-08, 0.8589290976524353, 0.5120944380760193, 3.3527612686157227e-08, -0.5120944380760193, 0.8589290976524353),
        }},
        {Time = 0.133, Data = {
            ["RightFoot"] = CFrame.new(-8.195638656616211e-08, 3.5762786865234375e-07, 3.149762051180005e-08, 0.9586651921272278, 0.2805134654045105, -0.04767869785428047, -0.27417728304862976, 0.865898847579956, -0.41838470101356506, -0.07607797533273697, 0.41416364908218384, 0.9070176482200623),
            ["LeftLowerArm"] = CFrame.new(1.7881393432617188e-07, -4.172325134277344e-07, -1.1920928955078125e-07, 1, 2.2351747119842003e-08, 3.725291186640334e-09, 5.960465188081798e-08, 0.8626474738121033, -0.5058057308197021, 1.4901162970204496e-08, 0.5058056712150574, 0.8626474142074585),
            ["RightUpperArm"] = CFrame.new(1.1920928955078125e-07, 1.1920928955078125e-07, 1.4901161193847656e-08, 0.9657089114189148, -0.24908944964408875, 0.0732169970870018, 0.23679743707180023, 0.9606767892837524, 0.14500688016414642, -0.10645754635334015, -0.12269678711891174, 0.9867179989814758),
            ["Head"] = CFrame.new(7.450580596923828e-09, 1.1920928955078125e-07, 2.2351741790771484e-08, 0.987133264541626, 0.06357128173112869, 0.14671987295150757, -0.05592836067080498, 0.9968828558921814, -0.055647656321525574, -0.1498001217842102, 0.04672596603631973, 0.9876115322113037),
            ["RightHand"] = CFrame.new(2.0489096641540527e-07, 1.1920928955078125e-07, -2.9802322387695312e-08, 0.9635764360427856, 0.23239129781723022, 0.13234306871891022, -0.2283836454153061, 0.9725348949432373, -0.044909995049238205, -0.13914483785629272, 0.013049335218966007, 0.9901860952377319),
            ["UpperTorso"] = CFrame.new(4.6566128730773926e-09, -2.682209014892578e-07, 4.656612873077393e-10, 0.9935476779937744, -0.07338948547840118, -0.08646944165229797, 0.08951488137245178, 0.9755907654762268, 0.20052392780780792, 0.06964243948459625, -0.20697037875652313, 0.9758654236793518),
            ["HumanoidRootPart"] = CFrame.new(0, 0, 0, 1, 0, 0, 0, 1, 0, 0, 0, 1),
            ["RightUpperLeg"] = CFrame.new(-2.9802322387695312e-08, -4.0605664253234863e-07, -9.145878721028566e-09, 0.8597183227539062, -0.30680158734321594, -0.4083590507507324, 0.31323695182800293, 0.9481990337371826, -0.052927546203136444, 0.4034440219402313, -0.082410529255867, 0.9112856984138489),
            ["LeftUpperArm"] = CFrame.new(-1.1920928955078125e-07, 2.384185791015625e-07, 2.9802322387695312e-08, 0.8145684599876404, 0.5158840417861938, -0.26522091031074524, -0.44412553310394287, 0.8487774729728699, 0.2869304120540619, 0.3731363117694855, -0.11593292653560638, 0.920504629611969),
            ["RightLowerArm"] = CFrame.new(5.960464477539063e-08, -3.5762786865234375e-07, -2.9802322387695312e-08, 1, -1.30385160446167e-07, 2.2351745343485163e-08, 3.725290653733282e-08, 0.8386430740356445, -0.544681191444397, -1.4901162970204496e-08, 0.5446813106536865, 0.8386432528495789),
            ["LeftHand"] = CFrame.new(-2.384185791015625e-07, -5.960464477539063e-08, 1.4901161193847656e-07, 0.9538882374763489, -0.29715436697006226, 0.04238751903176308, 0.2966921031475067, 0.9548227787017822, 0.016947442665696144, -0.04550858587026596, -0.0035897851921617985, 0.9989575147628784),
            ["LeftFoot"] = CFrame.new(-1.30385160446167e-08, 1.7881393432617188e-07, 2.9802322387695312e-08, 0.9803144335746765, -0.19137859344482422, 0.04855680465698242, 0.18308883905410767, 0.9731835126876831, 0.13925740122795105, -0.0739055946469307, -0.12762568891048431, 0.9890650510787964),
            ["LowerTorso"] = CFrame.new(-0.017493683844804764, -0.14483213424682617, 0.09814155846834183, 0.9700478315353394, 0.009863157756626606, -0.2427138090133667, -0.017742931842803955, 0.9993834495544434, -0.030300889164209366, 0.24226528406143188, 0.033699773252010345, 0.9696246385574341),
            ["RightLowerLeg"] = CFrame.new(2.9802322387695312e-08, -0.00006020069122314453, -0.00007208267197711393, 1, -4.097820394122209e-08, -8.940699558479537e-08, 5.960464477539063e-08, 0.8701497912406921, 0.49278706312179565, -1.862645149230957e-09, -0.49278727173805237, 0.8701500296592712),
            ["LeftUpperLeg"] = CFrame.new(8.940696716308594e-08, -3.220047801733017e-07, -1.1175870895385742e-08, 0.9670814275741577, 0.24582217633724213, 0.06576560437679291, -0.17915883660316467, 0.8412788510322571, -0.5100510716438293, -0.18070901930332184, 0.48147839307785034, 0.8576263189315796),
            ["LeftLowerLeg"] = CFrame.new(7.450580596923828e-09, 0.000060498714447021484, 0.00007217377424240112, 1, 4.330650327233343e-08, 1.5832489097533653e-08, -4.470348358154297e-08, 0.8722187876701355, 0.48911604285240173, 3.3527612686157227e-08, -0.4891161024570465, 0.8722187280654907),
        }},
        {Time = 0.167, Data = {
            ["RightFoot"] = CFrame.new(-5.21540641784668e-08, 2.384185791015625e-07, -5.045876605436206e-08, 0.9597629904747009, 0.2751838266849518, -0.055936697870492935, -0.27217409014701843, 0.8625744581222534, -0.42648157477378845, -0.06911139190196991, 0.42454591393470764, 0.9027649760246277),
            ["LeftLowerArm"] = CFrame.new(1.1920928955078125e-07, -5.364418029785156e-07, -2.9802322387695312e-08, 1, -1.1920930376163597e-07, -2.0489098417897367e-08, 1.4901162970204496e-08, 0.8845843076705933, -0.4663805067539215, 4.4703490686970326e-08, 0.46638035774230957, 0.8845842480659485),
            ["RightUpperArm"] = CFrame.new(0, 2.384185791015625e-07, 0, 0.9625016450881958, -0.25477343797683716, 0.09317236393690109, 0.24782811105251312, 0.9654998183250427, 0.07994579523801804, -0.11032594740390778, -0.05385725945234299, 0.9924352169036865),
            ["Head"] = CFrame.new(0, 3.5762786865234375e-07, -1.5832483768463135e-08, 0.9937777519226074, 0.07521940022706985, 0.08214578777551651, -0.07001786679029465, 0.9954602122306824, -0.06447044014930725, -0.08662226051092148, 0.05831773951649666, 0.9945329427719116),
            ["RightHand"] = CFrame.new(1.2293457984924316e-07, 0, -5.960464477539063e-08, 0.9462888240814209, 0.2527185082435608, 0.20167002081871033, -0.25477439165115356, 0.9668658375740051, -0.01613970845937729, -0.19906659424304962, -0.03610730916261673, 0.9793205261230469),
            ["UpperTorso"] = CFrame.new(4.656612873077393e-10, -8.940696716308594e-08, -8.96397978067398e-09, 0.9923374652862549, -0.08916362375020981, -0.0855359435081482, 0.10538549721240997, 0.9721745252609253, 0.20921467244625092, 0.06450150161981583, -0.21662577986717224, 0.974121630191803),
            ["HumanoidRootPart"] = CFrame.new(0, 0, 0, 1, 0, 0, 0, 1, 0, 0, 0, 1),
            ["RightUpperLeg"] = CFrame.new(0, -1.8347054719924927e-07, 2.029992174357176e-09, 0.855374276638031, -0.3146473467350006, -0.4114997982978821, 0.3186809718608856, 0.945907473564148, -0.06084045022726059, 0.40838396549224854, -0.07909583300352097, 0.9093769192695618),
            ["LeftUpperArm"] = CFrame.new(0, 3.5762786865234375e-07, 0, 0.8321049213409424, 0.4993918836116791, -0.24126622080802917, -0.4333156645298004, 0.8568999767303467, 0.2792127728462219, 0.3461776375770569, -0.12778985500335693, 0.9294250011444092),
            ["RightLowerArm"] = CFrame.new(1.7881393432617188e-07, 5.960464477539062e-07, 2.384185791015625e-07, 1, -4.842878098543224e-08, -3.725290742551124e-09, 6.332993507385254e-08, 0.8418447375297546, -0.5397198796272278, 2.9802322387695312e-08, 0.5397199392318726, 0.8418446779251099),
            ["LeftHand"] = CFrame.new(-1.1920928955078125e-07, -5.960464477539063e-08, 6.705522537231445e-08, 0.9480754733085632, -0.31780698895454407, 0.012324820272624493, 0.31780457496643066, 0.9481536746025085, 0.002181258285418153, -0.012378857471048832, 0.0018490392249077559, 0.9999216794967651),
            ["LeftFoot"] = CFrame.new(2.0489096641540527e-08, -1.7881393432617188e-07, -1.862645149230957e-09, 0.9808563590049744, -0.187320277094841, 0.05321638286113739, 0.17598728835582733, 0.9696811437606812, 0.16954968869686127, -0.0833631083369255, -0.15693862736225128, 0.984083890914917),
            ["LowerTorso"] = CFrame.new(-0.012944360263645649, -0.14136672019958496, 0.10917774587869644, 0.9732259511947632, 0.020599238574504852, -0.22892551124095917, -0.028858432546257973, 0.9990456104278564, -0.03278893977403641, 0.22803159058094025, 0.038517486304044724, 0.972891628742218),
            ["RightLowerLeg"] = CFrame.new(1.4901161193847656e-08, -0.00006026029586791992, -0.00007203051791293547, 1, -8.56816981809061e-08, -5.2154071283894154e-08, 2.9802315282267955e-08, 0.8617088794708252, 0.5074024796485901, -9.313223969797946e-09, -0.5074029564857483, 0.8617092967033386),
            ["LeftUpperLeg"] = CFrame.new(0, -2.4696055334061384e-07, 3.725290298461914e-09, 0.9711073637008667, 0.22854912281036377, 0.06867213547229767, -0.16333647072315216, 0.8463473320007324, -0.5069689750671387, -0.1739877313375473, 0.48110467195510864, 0.8592244386672974),
            ["LeftLowerLeg"] = CFrame.new(3.725290298461914e-09, 0.00006073713302612305, 0.00007205456495285034, 1, 1.955777406692505e-08, -1.3038520485508798e-08, -7.450579886381092e-08, 0.8771459460258484, 0.48022404313087463, 1.4901159417490817e-08, -0.4802238345146179, 0.8771459460258484),
        }},
        {Time = 0.200, Data = {
            ["RightFoot"] = CFrame.new(0, 3.5762786865234375e-07, -4.300818545743823e-08, 0.9602388143539429, 0.2715516686439514, -0.06481655687093735, -0.2720649540424347, 0.8581162691116333, -0.4354502260684967, -0.06262688338756561, 0.43577083945274353, 0.8978763818740845),
            ["LeftLowerArm"] = CFrame.new(-2.9802322387695312e-08, 8.344650268554688e-07, 5.960464477539063e-08, 1, -5.960465188081798e-08, -1.1647355790955771e-07, -7.450581485102248e-09, 0.8949226140975952, -0.44622164964675903, -7.450581485102248e-09, 0.4462214708328247, 0.8949225544929504),
            ["RightUpperArm"] = CFrame.new(0, 0, -1.043081283569336e-07, 0.9545081257820129, -0.27822306752204895, 0.10726755112409592, 0.2785032391548157, 0.9603518843650818, 0.012663009576499462, -0.10653772950172424, 0.017787443473935127, 0.9941496253013611),
            ["Head"] = CFrame.new(0, 1.1920928955078125e-07, -2.2351741790771484e-08, 0.9965636134147644, 0.07943608611822128, 0.023469645529985428, -0.07754570245742798, 0.9943327307701111, -0.07272709161043167, -0.029113847762346268, 0.07065733522176743, 0.9970757961273193),
            ["RightHand"] = CFrame.new(-2.1327286958694458e-07, -1.1920928955078125e-07, 9.872019290924072e-08, 0.9175711274147034, 0.28046974539756775, 0.2817801237106323, -0.2968498766422272, 0.9547851085662842, 0.016297634690999985, -0.2644682824611664, -0.09860049188137054, 0.9593405723571777),
            ["UpperTorso"] = CFrame.new(-4.642060957849026e-09, 5.960464477539063e-08, -1.7873389879241586e-08, 0.9919260740280151, -0.09821535646915436, -0.08022752404212952, 0.11373305320739746, 0.9688116908073425, 0.22015638649463654, 0.05610258877277374, -0.22750335931777954, 0.9721598625183105),
            ["HumanoidRootPart"] = CFrame.new(0, 0, 0, 1, 0, 0, 0, 1, 0, 0, 0, 1),
            ["RightUpperLeg"] = CFrame.new(5.960464477539063e-08, 5.587935447692871e-08, -3.5222910810261965e-08, 0.8506731390953064, -0.3239545524120331, -0.41401562094688416, 0.3248061537742615, 0.9431416392326355, -0.07060430198907852, 0.4133477210998535, -0.07441364228725433, 0.907527506351471),
            ["LeftUpperArm"] = CFrame.new(0, -1.1920928955078125e-07, -5.960464477539063e-08, 0.8503772616386414, 0.47732383012771606, -0.2214064747095108, -0.41659629344940186, 0.8678126335144043, 0.2708292305469513, 0.3214125335216522, -0.13806983828544617, 0.9368194341659546),
            ["RightLowerArm"] = CFrame.new(5.960464477539063e-08, -5.960464477539063e-08, 0, 1, -1.8626449271863521e-09, -3.911554458113642e-08, 1.30385160446167e-07, 0.8438849449157715, -0.5365240573883057, -1.4901161193847656e-08, 0.5365241169929504, 0.8438850045204163),
            ["LeftHand"] = CFrame.new(1.1920928955078125e-07, 1.1920928955078125e-07, 2.0489096641540527e-08, 0.9433614611625671, -0.3311896324157715, -0.01956913061439991, 0.3310069143772125, 0.9435518383979797, -0.012015804648399353, 0.02244417555630207, 0.00485778134316206, 0.9997363686561584),
            ["LeftFoot"] = CFrame.new(-3.91155481338501e-08, -5.960464477539063e-08, 3.725290298461914e-08, 0.9833293557167053, -0.17401614785194397, 0.052743129432201385, 0.1643359512090683, 0.974648654460907, 0.15183426439762115, -0.07782766222953796, -0.1406356692314148, 0.9869977831840515),
            ["LowerTorso"] = CFrame.new(-0.011759968474507332, -0.14038491249084473, 0.12047708034515381, 0.9764014482498169, 0.029901616275310516, -0.21388350427150726, -0.03847270831465721, 0.9986101984977722, -0.03602328523993492, 0.21250908076763153, 0.04340187460184097, 0.9761947393417358),
            ["RightLowerLeg"] = CFrame.new(7.450580596923828e-08, -0.000060439109802246094, -0.00007207522139651701, 1, -5.960463766996327e-08, -7.450580596923828e-08, 0, 0.8506504893302917, 0.5257313847541809, -9.499490261077881e-08, -0.52573162317276, 0.8506506681442261),
            ["LeftUpperLeg"] = CFrame.new(-5.960464477539063e-08, -3.864988684654236e-08, 1.5832483768463135e-08, 0.9753706455230713, 0.20767571032047272, 0.0743163600564003, -0.14084143936634064, 0.8456841707229614, -0.5147642493247986, -0.16975221037864685, 0.4916189908981323, 0.85410475730896),
            ["LeftLowerLeg"] = CFrame.new(-3.725290298461914e-08, 0.000060677528381347656, 0.00007209181785583496, 1, 6.332992796842518e-08, -3.7252898543727042e-09, -5.029141192380848e-08, 0.8575589060783386, 0.5143858790397644, -2.0489094865183688e-08, -0.5143858194351196, 0.8575587868690491),
        }},
        {Time = 0.233, Data = {
            ["RightFoot"] = CFrame.new(9.685754776000977e-08, 2.384185791015625e-07, -5.790934665128589e-08, 0.960250973701477, 0.2688140869140625, -0.07521451264619827, -0.27369049191474915, 0.8537144064903259, -0.44301772117614746, -0.05487817898392677, 0.445994108915329, 0.893352210521698),
            ["LeftLowerArm"] = CFrame.new(-5.960464477539063e-08, 5.960464477539062e-07, 2.9802322387695312e-08, 1, -8.940695295223122e-08, 2.3690517991781235e-08, 2.980232594040899e-08, 0.8950977325439453, -0.4458700716495514, 2.980232594040899e-08, 0.44586992263793945, 0.8950976729393005),
            ["RightUpperArm"] = CFrame.new(-5.960464477539063e-08, 1.1920928955078125e-07, 0, 0.9412500262260437, -0.3148534595966339, 0.12213055789470673, 0.3232228457927704, 0.9446854591369629, -0.05564553663134575, -0.09785473346710205, 0.09185168892145157, 0.9909529685974121),
            ["Head"] = CFrame.new(7.450580596923828e-09, 0, -1.6763806343078613e-08, 0.9961890578269958, 0.0792265385389328, -0.03647525981068611, -0.08190078288316727, 0.9935178756713867, -0.07883305847644806, 0.02999309077858925, 0.08152006566524506, 0.9962203502655029),
            ["RightHand"] = CFrame.new(-4.6078639570623636e-08, -4.172325134277344e-07, -7.660128176212311e-08, 0.8701425194740295, 0.3139907717704773, 0.37981802225112915, -0.35775279998779297, 0.932547390460968, 0.048667002469301224, -0.33891725540161133, -0.178227961063385, 0.9237801432609558),
            ["UpperTorso"] = CFrame.new(7.2177499532699585e-09, 8.940696716308594e-08, -2.8812792152166367e-09, 0.9924799203872681, -0.10086382180452347, -0.06935467571020126, 0.11429426074028015, 0.9664413928985596, 0.23006081581115723, 0.04382236301898956, -0.23625759780406952, 0.9707017540931702),
            ["HumanoidRootPart"] = CFrame.new(0, 0, 0, 1, 0, 0, 0, 1, 0, 0, 0, 1),
            ["RightUpperLeg"] = CFrame.new(-1.1920928955078125e-07, 8.195638656616211e-08, 9.480572771281004e-09, 0.8475098609924316, -0.3302196264266968, -0.4155498147010803, 0.32875439524650574, 0.9412329792976379, -0.07746632397174835, 0.41671037673950195, -0.0709606185555458, 0.9062656164169312),
            ["LeftUpperArm"] = CFrame.new(0, 0, 0, 0.8688050508499146, 0.4514513313770294, -0.20339584350585938, -0.3955107033252716, 0.8798573017120361, 0.26348090171813965, 0.29790806770324707, -0.1484682708978653, 0.9429782629013062),
            ["RightLowerArm"] = CFrame.new(-2.980232238769531e-07, -2.384185791015625e-07, -1.4901161193847656e-08, 1, -6.33299421792799e-08, 7.450582373280668e-09, -3.259629366425543e-08, 0.8440141677856445, -0.5363209843635559, 1.4901162970204496e-08, 0.5363209843635559, 0.844014048576355),
            ["LeftHand"] = CFrame.new(-8.940696716308594e-08, 0, -1.0570511221885681e-07, 0.9393189549446106, -0.3386833369731903, -0.05453388765454292, 0.3377353250980377, 0.9408811926841736, -0.026023762300610542, 0.060123857110738754, 0.006026634015142918, 0.9981727600097656),
            ["LeftFoot"] = CFrame.new(-5.587935447692871e-08, -1.1920928955078125e-07, -1.0710209608078003e-08, 0.9873772263526917, -0.1467379480600357, 0.059617094695568085, 0.14115338027477264, 0.9859755039215088, 0.0890403762459755, -0.07184647023677826, -0.07950077205896378, 0.9942423105239868),
            ["LowerTorso"] = CFrame.new(-0.012347589246928692, -0.14131569862365723, 0.1305670440196991, 0.9793627858161926, 0.035868171602487564, -0.19890223443508148, -0.044531818479299545, 0.9982365369796753, -0.039255063980817795, 0.19714345037937164, 0.04730243980884552, 0.979232907295227),
            ["RightLowerLeg"] = CFrame.new(0, -0.00006020069122314453, -0.00007202306733233854, 1, -6.705522537231445e-08, 2.980232594040899e-08, 8.940696716308594e-08, 0.8405224680900574, 0.5417765378952026, 8.195638656616211e-08, -0.5417767763137817, 0.8405226469039917),
            ["LeftUpperLeg"] = CFrame.new(5.960464477539063e-08, -6.658956408500671e-08, 1.4901161193847656e-08, 0.9794614315032959, 0.18120093643665314, 0.08844003826379776, -0.10803859680891037, 0.8419790863990784, -0.5285819172859192, -0.17024418711662292, 0.5081706643104553, 0.8442627787590027),
            ["LeftLowerLeg"] = CFrame.new(2.8870999813079834e-08, 0.000060677528381347656, 0.00007209554314613342, 1, 3.929016756387682e-08, -4.6566123179658803e-10, -4.936009645462036e-08, 0.8145476579666138, 0.5800965428352356, 3.725290298461914e-08, -0.5800967216491699, 0.8145477175712585),
        }},
        {Time = 0.267, Data = {
            ["RightFoot"] = CFrame.new(2.2351741790771484e-08, 3.5762786865234375e-07, -5.045876605436206e-08, 0.9597761631011963, 0.26699528098106384, -0.0868527814745903, -0.27699345350265503, 0.8498908877372742, -0.4482854902744293, -0.04587480425834656, 0.4543115496635437, 0.8896610736846924),
            ["LeftLowerArm"] = CFrame.new(-2.980232238769531e-07, -9.5367431640625e-07, -1.7881393432617188e-07, 1, -5.2154071283894154e-08, 1.6763808119435453e-08, 4.470347647611561e-08, 0.8891708254814148, -0.45757558941841125, 5.215405707303944e-08, 0.4575754404067993, 0.8891708254814148),
            ["RightUpperArm"] = CFrame.new(-5.960464477539063e-08, 0, -2.2351741790771484e-08, 0.9212980270385742, -0.36369314789772034, 0.137613445520401, 0.38043177127838135, 0.9162769317626953, -0.12533296644687653, -0.0805092453956604, 0.1678214967250824, 0.9825243949890137),
            ["Head"] = CFrame.new(7.450580596923828e-09, 2.384185791015625e-07, 3.725290298461914e-09, 0.9924723505973816, 0.07529004663228989, -0.09659253060817719, -0.08346506953239441, 0.9929991960525513, -0.08358361572027206, 0.08962329477071762, 0.09101658314466476, 0.991808295249939),
            ["RightHand"] = CFrame.new(-6.332993507385254e-08, -5.960464477539063e-08, 1.4901161193847656e-08, 0.8107843995094299, 0.3437041640281677, 0.4738101065158844, -0.4237286150455475, 0.9030817151069641, 0.06998489797115326, -0.4038349986076355, -0.2575092613697052, 0.8778417706489563),
            ["UpperTorso"] = CFrame.new(-8.265487849712372e-09, -5.960464477539063e-08, 7.130438461899757e-09, 0.9937489628791809, -0.09708042442798615, -0.05512240529060364, 0.10752119868993759, 0.9651477336883545, 0.2385983169078827, 0.030037960037589073, -0.24303355813026428, 0.969552755355835),
            ["HumanoidRootPart"] = CFrame.new(0, 0, 0, 1, 0, 0, 0, 1, 0, 0, 0, 1),
            ["RightUpperLeg"] = CFrame.new(-5.960464477539063e-08, -3.166496753692627e-08, 2.029992174357176e-09, 0.8454036116600037, -0.33207035064697266, -0.418356329202652, 0.33002540469169617, 0.9406018853187561, -0.079696424305439, 0.4199714958667755, -0.07069265842437744, 0.9047797918319702),
            ["LeftUpperArm"] = CFrame.new(0, 0, 1.4901161193847656e-08, 0.8866228461265564, 0.4229666590690613, -0.18708114326000214, -0.37134891748428345, 0.8921689391136169, 0.25716617703437805, 0.2756805419921875, -0.15853707492351532, 0.9480855464935303),
            ["RightLowerArm"] = CFrame.new(-3.8743019104003906e-07, -0.0000011920928955078125, -1.4901161193847656e-08, 1, -8.940699558479537e-08, 3.3527616238870905e-08, -1.25728565336658e-08, 0.8428385853767395, -0.5381664633750916, 7.450581485102248e-09, 0.5381664633750916, 0.8428385853767395),
            ["LeftHand"] = CFrame.new(1.4901161193847656e-07, 5.960464477539063e-08, 2.60770320892334e-08, 0.9356916546821594, -0.34074875712394714, -0.09149624407291412, 0.33849483728408813, 0.9401347637176514, -0.03959568962454796, 0.09951110184192657, 0.006078437902033329, 0.995017945766449),
            ["LeftFoot"] = CFrame.new(-6.658956408500671e-08, 1.1920928955078125e-07, 1.1641532182693481e-08, 0.991116464138031, -0.11330676078796387, 0.06964017450809479, 0.11331665515899658, 0.9935516119003296, 0.003821741323918104, -0.06962421536445618, 0.004103674087673426, 0.9975649118423462),
            ["LowerTorso"] = CFrame.new(-0.014215966686606407, -0.14360809326171875, 0.13895171880722046, 0.9824034571647644, 0.03835292160511017, -0.182791069149971, -0.04673025384545326, 0.9980350136756897, -0.041744038462638855, 0.18083089590072632, 0.04955137148499489, 0.9822652339935303),
            ["RightLowerLeg"] = CFrame.new(4.470348358154297e-08, -0.00006031990051269531, -0.00007212737546069548, 1, -1.1175870895385742e-07, -7.450580596923828e-08, 5.5879347371501353e-08, 0.8333985209465027, 0.5526723265647888, -2.607702853651972e-08, -0.5526725649833679, 0.8333986401557922),
