return {
    ["Rock That Body"] = {
        {Time = 0.000, Data = {
            ["RightFoot"] = CFrame.new(1.8440186977386475e-07, 3.5762786865234375e-07, -2.9802322387695312e-08, 0.9748451113700867, 0.21543407440185547, -0.05714130774140358, -0.17821499705314636, 0.599459707736969, -0.7803124785423279, -0.13385243713855743, 0.7708672285079956, 0.6227740049362183),
            ["LeftLowerArm"] = CFrame.new(2.8312206268310547e-07, 8.940696716308594e-08, -4.470348358154297e-08, 1, -9.941862799678347e-08, -9.484208085552837e-09, -5.681067705154419e-08, 0.9924497604370117, -0.1226520761847496, 2.6775524020195007e-08, 0.12265219539403915, 0.9924498200416565),
            ["LeftFoot"] = CFrame.new(-4.6566128730773926e-08, -7.450580596923828e-09, -5.21540641784668e-08, 0.9897234439849854, 0.09878385066986084, 0.10338976979255676, -0.10510119795799255, 0.9927954077720642, 0.0575408935546875, -0.09696064889431, -0.0678158849477768, 0.992975115776062),
            ["Head"] = CFrame.new(7.450580596923828e-08, 5.960464477539063e-08, 4.470348358154297e-08, 0.7987975478172302, 0.09620232880115509, 0.5938587188720703, 0.027959588915109634, 0.9801283478736877, -0.19638441503047943, -0.6009499430656433, 0.173475444316864, 0.7802339792251587),
            ["RightUpperArm"] = CFrame.new(1.4901161193847656e-07, -0.06523770093917847, 8.940696716308594e-08, -0.08157152682542801, -0.9047039747238159, -0.41815897822380066, 0.9564366340637207, 0.04694405943155289, -0.2881408929824829, 0.28031232953071594, -0.4234466254711151, 0.8614627718925476),
            ["UpperTorso"] = CFrame.new(-2.60770320892334e-08, 5.960464477539063e-08, 8.195638656616211e-08, 0.9906123280525208, -0.08255193382501602, -0.10896135121583939, 0.090794637799263, 0.9931915998458862, 0.07298428565263748, 0.10219438374042511, -0.082192063331604, 0.9913631081581116),
            ["HumanoidRootPart"] = CFrame.new(0, 0, 0, 1, 0, 0, 0, 1, 0, 0, 0, 1),
            ["RightHand"] = CFrame.new(7.450580596923828e-08, -1.2665987014770508e-07, 6.705522537231445e-08, 0.8478781580924988, -0.4480780363082886, -0.28342318534851074, 0.462408185005188, 0.8864812850952148, -0.018159864470362663, 0.25938668847084045, -0.11565932631492615, 0.9588230848312378),
            ["LeftUpperArm"] = CFrame.new(0, -0.06523798406124115, -1.043081283569336e-07, -0.029284069314599037, 0.7868061661720276, -0.6165050864219666, -0.9705042243003845, -0.17003625631332397, -0.17090746760368347, -0.23929926753044128, 0.5933158993721008, 0.768578052520752),
            ["RightLowerArm"] = CFrame.new(-1.043081283569336e-07, 8.940696716308594e-08, -1.2665987014770508e-07, 1, -1.9511205096023332e-07, 1.3969838619232178e-07, 1.3783574104309082e-07, -0.8373897671699524, -0.5466059446334839, 7.916241884231567e-08, 0.5466063022613525, -0.8373899459838867),
            ["LeftHand"] = CFrame.new(1.4901161193847656e-07, -2.9802322387695312e-08, -3.3527612686157227e-08, 0.8680710196495056, 0.4745945632457733, 0.1456466019153595, -0.48277202248573303, 0.8753925561904907, 0.024881139397621155, -0.11568893492221832, -0.09191295504570007, 0.9890238642692566),
            ["LowerTorso"] = CFrame.new(0.28777727484703064, -0.5208063125610352, -0.006862014532089233, 0.6288328766822815, -0.07279548048973083, 0.774125337600708, 0.003505977336317301, 0.9958630800247192, 0.09079881757497787, -0.7775325775146484, -0.05438334122300148, 0.6264866590499878),
            ["RightUpperLeg"] = CFrame.new(-0.000025391578674316406, -0.00012546777725219727, -0.004997536540031433, 0.7355042099952698, -0.49153411388397217, -0.46629175543785095, 0.1535797417163849, 0.7912739515304565, -0.5918602347373962, 0.6598839163780212, 0.36370283365249634, 0.6574750542640686),
            ["RightLowerLeg"] = CFrame.new(-5.3085386753082275e-08, -1.3783574104309082e-07, -1.4901161193847656e-07, 1, -1.9371501025489124e-07, 1.7881393432617188e-07, 4.5448535956893465e-07, 0.08547943830490112, 0.9963399767875671, -5.960463766996327e-08, -0.9963399171829224, 0.08547937870025635),
            ["LeftUpperLeg"] = CFrame.new(0.000025540590286254883, 0.00012563914060592651, 0.0049974024295806885, 0.7256599068641663, 0.6195037961006165, 0.29938748478889465, 0.17562459409236908, 0.253938764333725, -0.9511419534683228, -0.6652621626853943, 0.7427854537963867, 0.07547283917665482),
            ["LeftLowerLeg"] = CFrame.new(-9.778887033462524e-09, -4.470348358154297e-08, 5.960464477539063e-08, 1, 8.591455014084204e-08, 6.053595313915139e-08, -8.381903171539307e-08, 0.26925909519195557, 0.9630678296089172, 7.078051567077637e-08, -0.963067889213562, 0.269258975982666),
        }},
        {Time = 0.033, Data = {
            ["RightFoot"] = CFrame.new(1.210719347000122e-07, 3.5762786865234375e-07, -1.1175870895385742e-07, 0.9710250496864319, 0.23028026521205902, -0.06388799101114273, -0.18917331099510193, 0.5773243308067322, -0.7942982316017151, -0.14602749049663544, 0.7833694815635681, 0.6041595935821533),
            ["LeftLowerArm"] = CFrame.new(4.6193599700927734e-07, 1.4901161193847656e-07, 6.705522537231445e-08, 1, -4.097815349268785e-07, -1.301377352547206e-07, -3.6647537626777194e-07, 0.9964609742164612, -0.08405756205320358, -1.6394186275192624e-07, 0.08405735343694687, 0.9964609742164612),
            ["LeftFoot"] = CFrame.new(1.4901161193847656e-08, 5.960464477539063e-08, 3.725290298461914e-08, 0.9979217052459717, 0.04903896525502205, 0.04180360585451126, -0.051656100898981094, 0.9966108202934265, 0.06401950865983963, -0.03852281719446182, -0.06604588776826859, 0.9970727562904358),
            ["Head"] = CFrame.new(-3.725290298461914e-09, -4.76837158203125e-07, 7.450580596923828e-09, 0.812777042388916, 0.0575677715241909, 0.5797237157821655, 0.02730710245668888, 0.9902473092079163, -0.13661840558052063, -0.5819346308708191, 0.12687093019485474, 0.8032782077789307),
            ["RightUpperArm"] = CFrame.new(-2.9802322387695312e-08, -0.06523849070072174, 1.1920928955078125e-07, 0.007146097254008055, -0.8704941272735596, -0.49212685227394104, 0.9746757745742798, 0.11606382578611374, -0.19114510715007782, 0.22350889444351196, -0.47829824686050415, 0.84927898645401),
            ["UpperTorso"] = CFrame.new(-2.3283064365386963e-08, -1.7881393432617188e-07, 4.6566128730773926e-08, 0.9947535395622253, -0.014054447412490845, -0.10133107006549835, 0.018164340406656265, 0.9990444779396057, 0.03975153714418411, 0.10067545622587204, -0.041383542120456696, 0.9940583109855652),
            ["HumanoidRootPart"] = CFrame.new(0, 0, 0, 1, 0, 0, 0, 1, 0, 0, 0, 1),
            ["RightHand"] = CFrame.new(5.960464477539062e-07, 2.9802322387695312e-08, -1.4901161193847656e-07, 0.8516599535942078, -0.4471321105957031, -0.2734016478061676, 0.4602676033973694, 0.8876004815101624, -0.017860470339655876, 0.2506573498249054, -0.11062643676996231, 0.9617341160774231),
            ["LeftUpperArm"] = CFrame.new(4.470348358154297e-08, -0.06523819267749786, 5.960464477539063e-08, 0.024950845167040825, 0.7741396427154541, -0.6325230598449707, -0.9678943157196045, -0.139596089720726, -0.20903047919273376, -0.25011640787124634, 0.6174306869506836, 0.7458022236824036),
            ["RightLowerArm"] = CFrame.new(-6.705522537231445e-07, 0, 1.1920928955078125e-07, 1, -6.51925802230835e-09, 8.963981912302188e-08, 3.585592622812328e-08, -0.846287190914154, -0.5327270030975342, 2.540182890697906e-07, 0.5327270030975342, -0.8462872505187988),
            ["LeftHand"] = CFrame.new(2.086162567138672e-07, -2.2351741790771484e-08, -1.7881393432617188e-07, 0.8186611533164978, 0.5267549753189087, 0.22874334454536438, -0.5376570820808411, 0.8429919481277466, -0.017011219635605812, -0.20178918540477753, -0.10905849188566208, 0.9733381867408752),
            ["LowerTorso"] = CFrame.new(0.2842545807361603, -0.570178747177124, 0.0019220951944589615, 0.6062510013580322, -0.12297377735376358, 0.7857080698013306, 0.04364502429962158, 0.9916281700134277, 0.12152661383152008, -0.7940748333930969, -0.03938351944088936, 0.6065427660942078),
            ["RightUpperLeg"] = CFrame.new(-0.000025391578674316406, -0.000125885009765625, -0.004997372627258301, 0.7280378937721252, -0.4810117781162262, -0.4884553551673889, 0.1174188032746315, 0.7894812226295471, -0.6024386882781982, 0.6754063963890076, 0.3812441825866699, 0.6312519311904907),
            ["RightLowerLeg"] = CFrame.new(1.4225952327251434e-07, 9.872019290924072e-08, -5.960464477539063e-08, 1, -4.172322576323495e-07, 5.21540641784668e-08, 4.023311532819207e-07, 0.04432528838515282, 0.9990171790122986, 8.940692453052179e-08, -0.9990171790122986, 0.04432542249560356),
            ["LeftUpperLeg"] = CFrame.new(0.000025391578674316406, 0.0001254752278327942, 0.004997611045837402, 0.788703203201294, 0.5963185429573059, 0.1495053768157959, 0.09797840565443039, 0.11815398931503296, -0.9881497025489807, -0.6069164872169495, 0.7940049171447754, 0.034761909395456314),
            ["LeftLowerLeg"] = CFrame.new(-1.4668330550193787e-08, 5.960464477539063e-08, 0, 1, 8.83883259916729e-08, 7.683413372205905e-08, -8.381905303167514e-08, 0.202853724360466, 0.9792091250419617, 7.473865792917422e-08, -0.9792090654373169, 0.2028537392616272),
        }},
        {Time = 0.067, Data = {
            ["RightFoot"] = CFrame.new(3.213062882423401e-08, 3.0919909477233887e-07, -1.4156103134155273e-07, 0.9701818823814392, 0.23438286781311035, -0.06174002215266228, -0.19115516543388367, 0.5832980275154114, -0.7894449830055237, -0.14901980757713318, 0.7777069807052612, 0.6107085943222046),
            ["LeftLowerArm"] = CFrame.new(3.5762786865234375e-07, -3.2782554626464844e-07, 1.7881393432617188e-07, 1, -4.842875256372281e-08, -1.7840642385635874e-07, -4.6566128730773926e-08, 0.9973525404930115, -0.07271889597177505, -2.420274540781975e-07, 0.07271861284971237, 0.9973524808883667),
            ["LeftFoot"] = CFrame.new(-5.587935447692871e-08, 2.9802322387695312e-08, 0, 0.9737004041671753, -0.06227027252316475, -0.2191578447818756, 0.08600377291440964, 0.9912164211273193, 0.10046710073947906, 0.2109764814376831, -0.11667300760746002, 0.9705030918121338),
            ["Head"] = CFrame.new(-2.561137080192566e-08, 3.2782554626464844e-07, 1.0803341865539551e-07, 0.8143081665039062, 0.012806836515665054, 0.5802915096282959, 0.03727898374199867, 0.996538519859314, -0.07430592179298401, -0.5792344212532043, 0.08214068412780762, 0.8110120296478271),
            ["RightUpperArm"] = CFrame.new(-1.4901161193847656e-07, -0.06523759663105011, 1.564621925354004e-07, 0.10219186544418335, -0.9416699409484863, -0.32064685225486755, 0.9723237156867981, 0.16263559460639954, -0.16773973405361176, 0.21010389924049377, -0.29463109374046326, 0.9322279691696167),
            ["UpperTorso"] = CFrame.new(-5.3085386753082275e-08, 2.384185791015625e-07, 1.1734664440155029e-07, 0.9973127841949463, 0.02241537533700466, -0.06974802166223526, -0.019405771046876907, 0.9988635182380676, 0.043533723801374435, 0.0706447958946228, -0.04206313192844391, 0.996614396572113),
            ["HumanoidRootPart"] = CFrame.new(0, 0, 0, 1, 0, 0, 0, 1, 0, 0, 0, 1),
            ["RightHand"] = CFrame.new(-1.6391277313232422e-07, 1.4901161193847656e-08, -1.7508864402770996e-07, 0.866159975528717, -0.4349343478679657, -0.2461683601140976, 0.44559139013290405, 0.8951317667961121, -0.013690317049622536, 0.22630780935287476, -0.09783297777175903, 0.9691304564476013),
            ["LeftUpperArm"] = CFrame.new(-1.341104507446289e-07, -0.06523776054382324, 4.470348358154297e-08, 0.064466193318367, 0.7667379379272461, -0.6387152671813965, -0.9695120453834534, -0.1035083755850792, -0.2221093624830246, -0.23641207814216614, 0.6335604786872864, 0.7366887331008911),
            ["RightLowerArm"] = CFrame.new(-7.450580596923828e-08, -1.4901161193847656e-07, 8.940696716308594e-08, 1, 1.9634168779703032e-07, 1.7607818847409362e-07, -9.970972314476967e-08, -0.8168250322341919, -0.5768853425979614, 2.2695166990160942e-07, 0.576885461807251, -0.8168252110481262),
            ["LeftHand"] = CFrame.new(-1.341104507446289e-07, 2.2351741790771484e-08, -1.3783574104309082e-07, 0.7810514569282532, 0.5408864617347717, 0.31209030747413635, -0.5540956258773804, 0.8307585120201111, -0.05308956652879715, -0.2879871726036072, -0.13146193325519562, 0.9485679268836975),
            ["LowerTorso"] = CFrame.new(0.2757493257522583, -0.5784075260162354, 0.008939974009990692, 0.6177483201026917, -0.1260804384946823, 0.776202917098999, 0.06019319221377373, 0.9917487502098083, 0.11318682879209518, -0.7840688228607178, -0.023198993876576424, 0.6202402710914612),
            ["RightUpperLeg"] = CFrame.new(-0.000025331974029541016, -0.00012546777725219727, -0.004997432231903076, 0.7392675876617432, -0.4711451530456543, -0.4811505973339081, 0.11575585603713989, 0.7927690148353577, -0.5984293222427368, 0.6633883714675903, 0.3867033123970032, 0.6406062841415405),
            ["RightLowerLeg"] = CFrame.new(9.010545909404755e-08, -2.1420419216156006e-07, 5.960464477539063e-08, 1, -3.4272659377165837e-07, 1.415610029198433e-07, 4.2468295191611105e-07, 0.042178139090538025, 0.9991101026535034, 4.4703469370688254e-08, -0.9991101622581482, 0.04217821732163429),
            ["LeftUpperLeg"] = CFrame.new(0.0000254213809967041, 0.0001257285475730896, 0.004997342824935913, 0.8191548585891724, 0.5735716223716736, -0.0010496900649741292, -0.06714718788862228, 0.09407831728458405, -0.993297815322876, -0.5696285367012024, 0.81373530626297, 0.11557826399803162),
            ["LeftLowerLeg"] = CFrame.new(-1.3969838619232178e-08, -7.450580596923828e-08, -1.4901161193847656e-07, 1, 9.126962652317161e-08, 6.076879088823262e-08, -8.009374852235851e-08, 0.233321413397789, 0.9723997116088867, 7.729978079851207e-08, -0.9723996520042419, 0.2333213835954666),
        }},
        {Time = 0.100, Data = {
            ["RightFoot"] = CFrame.new(-2.3283064365386963e-08, 2.942979335784912e-07, -7.450580596923828e-09, 0.9712430834770203, 0.23176662623882294, -0.05450913682579994, -0.1863325983285904, 0.5974017977714539, -0.7799944877624512, -0.14821329712867737, 0.7677208185195923, 0.6234078407287598),
            ["LeftLowerArm"] = CFrame.new(4.470348358154297e-07, 1.4901161193847656e-07, 1.4901161193847656e-07, 1, -1.2107194891086692e-07, -9.452922711261635e-08, -2.3748717126181873e-07, 0.9970769286155701, -0.0764058381319046, -8.055937428252946e-08, 0.07640540599822998, 0.9970768690109253),
            ["LeftFoot"] = CFrame.new(1.1175870895385742e-08, -3.725290298461914e-08, -7.450580596923828e-09, 0.8620113730430603, -0.18334077298641205, -0.47257035970687866, 0.2530073821544647, 0.9634802937507629, 0.08771083503961563, 0.43923091888427734, -0.195171520113945, 0.8769174814224243),
            ["Head"] = CFrame.new(1.4901161193847656e-08, -8.940696716308594e-08, 1.862645149230957e-08, 0.79195237159729, -0.04699699580669403, 0.6087715029716492, 0.07698586583137512, 0.996762216091156, -0.023201236501336098, -0.6057100296020508, 0.06524109840393066, 0.7930063009262085),
            ["RightUpperArm"] = CFrame.new(2.9802322387695312e-08, -0.0652376115322113, 5.21540641784668e-08, 0.0998888686299324, -0.9772792458534241, 0.18694254755973816, 0.9945203065872192, 0.09223756939172745, -0.04921068996191025, 0.030849462375044823, 0.19083374738693237, 0.9811375737190247),
            ["UpperTorso"] = CFrame.new(-1.0896474123001099e-07, 0, 7.078051567077637e-08, 0.9994864463806152, 0.021888209506869316, -0.02340291626751423, -0.020768586546182632, 0.9986760020256042, 0.04706433042883873, 0.024402376264333725, -0.046553969383239746, 0.9986177086830139),
            ["HumanoidRootPart"] = CFrame.new(0, 0, 0, 1, 0, 0, 0, 1, 0, 0, 0, 1),
            ["RightHand"] = CFrame.new(1.6391277313232422e-07, -1.1175870895385742e-07, -2.942979335784912e-07, 0.8884077072143555, -0.4105818271636963, -0.20531624555587769, 0.4181165099143982, 0.908363938331604, -0.0073044574819505215, 0.18950043618679047, -0.07935658097267151, 0.9786684513092041),
            ["LeftUpperArm"] = CFrame.new(2.9802322387695312e-08, -0.06523793190717697, 1.341104507446289e-07, 0.09236332029104233, 0.761593222618103, -0.6414397954940796, -0.9777821898460388, -0.052371494472026825, -0.20297600328922272, -0.18817809224128723, 0.6459357142448425, 0.7398350238800049),
            ["RightLowerArm"] = CFrame.new(0, -1.1920928955078125e-07, -1.4901161193847656e-07, 1, 1.2805679716620944e-07, 1.06636449004327e-07, -3.166496753692627e-08, -0.7287710309028625, -0.6847572922706604, 3.594905138015747e-07, 0.6847575902938843, -0.7287712693214417),
            ["LeftHand"] = CFrame.new(-4.470348358154297e-08, 3.129243850708008e-07, -5.21540641784668e-08, 0.7906684279441833, 0.5399531126022339, 0.28860723972320557, -0.5503277778625488, 0.8333619236946106, -0.05145227164030075, -0.2682962715625763, -0.11814610660076141, 0.9560641050338745),
            ["LowerTorso"] = CFrame.new(0.26533985137939453, -0.563439130783081, 0.01359647512435913, 0.652946949005127, -0.0963217094540596, 0.7512537837028503, 0.04150911793112755, 0.9949406385421753, 0.0914885550737381, -0.7562653422355652, -0.02855345793068409, 0.6536418199539185),
            ["RightUpperLeg"] = CFrame.new(-0.000025719404220581055, -0.000125885009765625, -0.0049974918365478516, 0.7595831751823425, -0.48113909363746643, -0.4376507103443146, 0.14292441308498383, 0.7799123525619507, -0.6093516945838928, 0.6345124244689941, 0.4003022611141205, 0.6611751317977905),
            ["RightLowerLeg"] = CFrame.new(4.423782229423523e-09, 7.450580596923828e-08, 2.9802322387695312e-08, 1, -2.0116560506266978e-07, 1.490115550950577e-07, 3.874303331485862e-07, 0.042858466506004333, 0.9990811347961426, -1.4901166878189542e-07, -0.9990811944007874, 0.042858704924583435),
            ["LeftUpperLeg"] = CFrame.new(0.000025600194931030273, 0.00012543797492980957, 0.004997432231903076, 0.8319671154022217, 0.5478543639183044, -0.08767031133174896, -0.22173291444778442, 0.1834661215543747, -0.957692563533783, -0.5085914731025696, 0.8162082433700562, 0.274114727973938),
            ["LeftLowerLeg"] = CFrame.new(-1.83936208486557e-08, -7.450580596923828e-08, 2.9802322387695312e-08, 1, 7.450581307466564e-08, 5.4016709327697754e-08, -5.960464477539063e-08, 0.38171151280403137, 0.9242815375328064, 4.470348358154297e-08, -0.9242815971374512, 0.381711483001709),
        }},
        {Time = 0.133, Data = {
            ["RightFoot"] = CFrame.new(8.521601557731628e-08, 2.8312206268310547e-07, -3.725290298461914e-08, 0.974104642868042, 0.22209522128105164, -0.04235738515853882, -0.17421714961528778, 0.6178884506225586, -0.7667216062545776, -0.1441134363412857, 0.7542464733123779, 0.6405808925628662),
            ["LeftLowerArm"] = CFrame.new(3.8743019104003906e-07, -5.960464477539063e-08, -2.2351741790771484e-08, 1, -2.5099134859374317e-07, -9.26665819633854e-08, -1.2945380944984208e-07, 0.9962976574897766, -0.0859704539179802, -7.729975237680264e-08, 0.0859704315662384, 0.9962976574897766),
            ["LeftFoot"] = CFrame.new(-5.21540641784668e-08, 7.450580596923828e-08, -1.4901161193847656e-08, 0.7701564431190491, -0.33383259177207947, -0.5435205698013306, 0.40056300163269043, 0.9162567257881165, 0.004819333553314209, 0.49639537930488586, -0.22142578661441803, 0.8393821120262146),
            ["Head"] = CFrame.new(4.0978193283081055e-08, 2.980232238769531e-07, 7.078051567077637e-08, 0.7518201470375061, -0.1026308685541153, 0.6513321995735168, 0.12274987995624542, 0.9923292398452759, 0.014674338512122631, -0.6478418707847595, 0.06891854852437973, 0.7586508989334106),
            ["RightUpperArm"] = CFrame.new(7.450580596923828e-08, -0.06523766368627548, 2.5331974029541016e-07, -0.035212378948926926, -0.8397290706634521, 0.5418630838394165, 0.9910746812820435, 0.04041462391614914, 0.1270345151424408, -0.12857367098331451, 0.5414996147155762, 0.8308107852935791),
            ["UpperTorso"] = CFrame.new(-9.66247171163559e-08, 0, 7.078051567077637e-08, 0.9994332790374756, 0.004055313766002655, 0.03341694176197052, -0.006146750412881374, 0.9980123043060303, 0.06271933019161224, -0.033095963299274445, -0.06288905441761017, 0.9974716901779175),
            ["HumanoidRootPart"] = CFrame.new(0, 0, 0, 1, 0, 0, 0, 1, 0, 0, 0, 1),
            ["RightHand"] = CFrame.new(1.341104507446289e-07, -1.7881393432617188e-07, -6.705522537231445e-08, 0.9117726683616638, -0.3803790807723999, -0.15486358106136322, 0.38464269042015076, 0.923061728477478, -0.002624005079269409, 0.14394669234752655, -0.05717505142092705, 0.9879323840141296),
            ["LeftUpperArm"] = CFrame.new(-1.341104507446289e-07, -0.06523776054382324, 2.9802322387695312e-08, 0.1272011548280716, 0.7639696002006531, -0.6325902938842773, -0.9831745624542236, 0.012816030532121658, -0.18221895396709442, -0.13110247254371643, 0.6451249718666077, 0.7527456283569336),
            ["RightLowerArm"] = CFrame.new(-4.470348358154297e-07, 2.086162567138672e-07, 1.4901161193847656e-08, 1, 2.6077029247062455e-07, 2.9802322387695312e-08, -3.725290298461914e-09, -0.6001867651939392, -0.7998600006103516, 3.8929283618927e-07, 0.799859881401062, -0.6001866459846497),
            ["LeftHand"] = CFrame.new(-8.940696716308594e-08, -1.7881393432617188e-07, -7.078051567077637e-08, 0.8116146922111511, 0.537083625793457, 0.22983263432979584, -0.5436557531356812, 0.838385283946991, -0.03935019299387932, -0.21382245421409607, -0.09301242232322693, 0.972434401512146),
            ["LowerTorso"] = CFrame.new(0.25607287883758545, -0.5351476669311523, 0.01527772843837738, 0.7077392935752869, -0.036725062876939774, 0.7055184245109558, -0.00013391576067078859, 0.9986409544944763, 0.052117619663476944, -0.7064737677574158, -0.03698032349348068, 0.7067726850509644),
            ["RightUpperLeg"] = CFrame.new(-0.000025838613510131836, -0.00012612342834472656, -0.004997223615646362, 0.7890072464942932, -0.4971151053905487, -0.361031174659729, 0.19204770028591156, 0.7577431201934814, -0.6236538887023926, 0.5835968852043152, 0.4227316677570343, 0.6933342218399048),
            ["RightLowerLeg"] = CFrame.new(4.819594323635101e-08, 2.2351741790771484e-07, 5.960464477539063e-08, 1, -3.3527581422276853e-07, 7.450577932388569e-09, 4.0978201809593884e-07, 0.04073961824178696, 0.9991697669029236, -4.4703494239684005e-08, -0.9991698265075684, 0.040739960968494415),
            ["LeftUpperLeg"] = CFrame.new(0.000025391578674316406, 0.00012576580047607422, 0.004997581243515015, 0.8451548218727112, 0.510828971862793, -0.15737569332122803, -0.376511812210083, 0.35994455218315125, -0.8536272048950195, -0.37941041588783264, 0.7807007431983948, 0.4965416193008423),
            ["LeftLowerLeg"] = CFrame.new(-1.939479261636734e-07, 1.043081283569336e-07, -8.940696716308594e-08, 1, 1.2665985593685036e-07, 8.568168397005138e-08, -7.450579886381092e-08, 0.549007773399353, 0.8358171582221985, 4.470347647611561e-08, -0.835817277431488, 0.5490079522132874),
        }},
        {Time = 0.167, Data = {
            ["RightFoot"] = CFrame.new(1.5832483768463135e-08, 3.46451997756958e-07, -3.725290298461914e-08, 0.9768568277359009, 0.2120077759027481, -0.02834738977253437, -0.1598667949438095, 0.6356261372566223, -0.7552627921104431, -0.1421036422252655, 0.7423154711723328, 0.6548088788986206),
            ["LeftLowerArm"] = CFrame.new(1.7881393432617188e-07, 1.1920928955078125e-07, -4.470348358154297e-08, 1, -4.1618469026616367e-07, 8.31205326790041e-08, -4.218890694573929e-07, 0.9950671195983887, -0.0992041677236557, 7.729976658765736e-08, 0.09920422732830048, 0.9950671792030334),
            ["LeftFoot"] = CFrame.new(1.7881393432617188e-07, 2.9802322387695312e-08, 6.705522537231445e-08, 0.7460142374038696, -0.41797593235969543, -0.5184196829795837, 0.47341388463974, 0.8803771734237671, -0.028554454445838928, 0.46833980083465576, -0.2241251915693283, 0.8546494245529175),
            ["Head"] = CFrame.new(1.043081283569336e-07, -1.1920928955078125e-07, -9.313225746154785e-09, 0.7192912101745605, -0.1644972860813141, 0.6749523878097534, 0.16125714778900146, 0.9845598340034485, 0.06810377538204193, -0.6757338643074036, 0.05985454469919205, 0.7347115874290466),
            ["RightUpperArm"] = CFrame.new(-7.450580596923828e-09, -0.06523828953504562, -5.960464477539063e-08, -0.1927219033241272, -0.481808066368103, 0.8548211455345154, 0.9748814105987549, 0.005103090777993202, 0.2226661592721939, -0.11164438724517822, 0.8762619495391846, 0.46872231364250183),
            ["UpperTorso"] = CFrame.new(-6.332993507385254e-08, -5.960464477539063e-08, 2.9802322387695312e-08, 0.9941365122795105, -0.020465774461627007, 0.10617831349372864, 0.008807666599750519, 0.9939892292022705, 0.1091238409280777, -0.10777349025011063, -0.1075487807393074, 0.9883410930633545),
            ["HumanoidRootPart"] = CFrame.new(0, 0, 0, 1, 0, 0, 0, 1, 0, 0, 0, 1),
            ["RightHand"] = CFrame.new(-2.7567148208618164e-07, 1.4156103134155273e-07, 2.2351741790771484e-08, 0.9399521350860596, -0.33090633153915405, -0.08361281454563141, 0.33228787779808044, 0.9431739449501038, 0.002781492657959461, 0.0779411643743515, -0.030397804453969002, 0.9964945316314697),
            ["LeftUpperArm"] = CFrame.new(8.940696716308594e-08, -0.06523844599723816, -1.043081283569336e-07, 0.19767354428768158, 0.7613968253135681, -0.6174138784408569, -0.9761543869972229, 0.09525319933891296, -0.1950625479221344, -0.08970935642719269, 0.6412500143051147, 0.7620700597763062),
            ["RightLowerArm"] = CFrame.new(2.384185791015625e-07, -1.4901161193847656e-07, -1.4901161193847656e-07, 1, 1.1175870895385742e-08, -1.0058282384761696e-07, 2.90572756966867e-07, -0.22717317938804626, -0.9738544821739197, 3.4086417599610286e-07, 0.9738544225692749, -0.2271728813648224),
            ["LeftHand"] = CFrame.new(-7.450580596923828e-08, 5.21540641784668e-08, -1.043081283569336e-07, 0.8340164422988892, 0.5310001373291016, 0.1498529613018036, -0.5341235995292664, 0.8451209664344788, -0.02196391485631466, -0.13830627501010895, -0.06172139197587967, 0.98846435546875),
            ["LowerTorso"] = CFrame.new(0.2482658177614212, -0.503643274307251, 0.014984920620918274, 0.7669562697410583, 0.06216250732541084, 0.6386814117431641, -0.07092506438493729, 0.9974105954170227, -0.011907500214874744, -0.6377677917480469, -0.03616614639759064, 0.769379198551178),
            ["RightUpperLeg"] = CFrame.new(-0.000025510787963867188, -0.0001258254051208496, -0.004997521638870239, 0.8152176141738892, -0.5247337222099304, -0.24510131776332855, 0.2766062319278717, 0.7245827317237854, -0.631243884563446, 0.5088313221931458, 0.44680461287498474, 0.7358372807502747),
            ["RightLowerLeg"] = CFrame.new(-1.280568540096283e-08, -6.146728992462158e-08, 2.9802322387695312e-08, 1, -2.6077020720549626e-07, 7.450577754752885e-08, 4.023314090773056e-07, 0.019554710015654564, 0.9998087882995605, -1.0430814256778831e-07, -0.9998087882995605, 0.01955469697713852),
            ["LeftUpperLeg"] = CFrame.new(0.000025704503059387207, 0.00012546777725219727, 0.004997551441192627, 0.8673976063728333, 0.46561819314956665, -0.1755582094192505, -0.44190022349357605, 0.5585414171218872, -0.7019659876823425, -0.22879177331924438, 0.6864628195762634, 0.6902341842651367),
            ["LeftLowerLeg"] = CFrame.new(7.753260433673859e-08, -1.4901161193847656e-07, -1.4901161193847656e-07, 1, 7.450580596923828e-08, 7.4505797087454084e-09, -4.470348358154297e-08, 0.6653881072998047, 0.7464976906776428, 7.450580596923828e-08, -0.7464976906776428, 0.6653881072998047),
        }},
        {Time = 0.200, Data = {
            ["RightFoot"] = CFrame.new(1.2479722499847412e-07, 4.0605664253234863e-07, -1.1920928955078125e-07, 0.9785903692245483, 0.20508284866809845, -0.017380760982632637, -0.15014596283435822, 0.6535837650299072, -0.741811215877533, -0.1407734453678131, 0.7285391688346863, 0.670383632183075),
            ["LeftLowerArm"] = CFrame.new(6.258487701416016e-07, 1.1920928955078125e-07, 0, 1, -1.2968665430435067e-07, 4.540196485436354e-08, -1.5366821060069924e-07, 0.9935000538825989, -0.11383187025785446, 4.1909512304982854e-08, 0.11383195966482162, 0.9934999942779541),
            ["LeftFoot"] = CFrame.new(-1.1175870895385742e-07, -6.332993507385254e-08, -7.450580596923828e-09, 0.7507346272468567, -0.4769594967365265, -0.4570635259151459, 0.5369335412979126, 0.8436231017112732, 0.0015764234121888876, 0.3848375082015991, -0.24659621715545654, 0.8894326686859131),
            ["Head"] = CFrame.new(4.470348358154297e-08, -8.940696716308594e-08, 9.313225746154785e-09, 0.6890355944633484, -0.2251373827457428, 0.6888706684112549, 0.196363165974617, 0.9729651212692261, 0.1215752363204956, -0.6976184248924255, 0.05149911716580391, 0.7146165370941162),
            ["RightUpperArm"] = CFrame.new(-1.7508864402770996e-07, -0.06523796916007996, 5.960464477539063e-08, -0.23794445395469666, -0.09676969051361084, 0.9664461016654968, 0.9694604873657227, 0.03719496354460716, 0.24241091310977936, -0.05940546840429306, 0.9946116209030151, 0.0849643126130104),
            ["UpperTorso"] = CFrame.new(-1.043081283569336e-07, 5.960464477539063e-08, 1.4156103134155273e-07, 0.9828378558158875, -0.048458874225616455, 0.17799308896064758, 0.019246527925133705, 0.9865514636039734, 0.16231444478034973, -0.18346495926380157, -0.15610277652740479, 0.9705526828765869),
            ["HumanoidRootPart"] = CFrame.new(0, 0, 0, 1, 0, 0, 0, 1, 0, 0, 0, 1),
            ["RightHand"] = CFrame.new(2.9802322387695312e-08, -7.450580596923828e-08, -7.450580596923828e-08, 0.9571362733840942, -0.28954970836639404, 0.007152764592319727, 0.2895391285419464, 0.9571629762649536, 0.0024800219107419252, -0.007564605213701725, -0.00030335510382428765, 0.9999713897705078),
            ["LeftUpperArm"] = CFrame.new(-1.1920928955078125e-07, -0.06523823738098145, -2.9802322387695312e-08, 0.2652864456176758, 0.7515857219696045, -0.6039386987686157, -0.9623270630836487, 0.16769199073314667, -0.2140236347913742, -0.0595812126994133, 0.6379640698432922, 0.7677578330039978),
            ["RightLowerArm"] = CFrame.new(-3.2782554626464844e-07, 2.1979212760925293e-07, 3.8743019104003906e-07, 1, 1.5116529539227486e-07, -1.3422685185560113e-07, 3.3155075129798206e-07, 0.300107479095459, -0.9539054036140442, 2.1129375227246783e-07, 0.953905463218689, 0.3001076281070709),
            ["LeftHand"] = CFrame.new(7.450580596923828e-08, 2.2351741790771484e-08, 0, 0.8508434295654297, 0.5214983224868774, 0.06406939774751663, -0.5223498344421387, 0.85272216796875, -0.003985061775892973, -0.05671163275837898, -0.030075665563344955, 0.9979375004768372),
            ["LowerTorso"] = CFrame.new(0.24185505509376526, -0.4714336395263672, 0.014333158731460571, 0.8122255802154541, 0.15602649748325348, 0.5620899796485901, -0.14440575242042542, 0.9873546361923218, -0.06540484726428986, -0.5651872158050537, -0.028045691549777985, 0.8244859576225281),
            ["RightUpperLeg"] = CFrame.new(-0.000025570392608642578, -0.00012603402137756348, -0.004997193813323975, 0.8307380676269531, -0.5426819324493408, -0.12397686392068863, 0.35747942328453064, 0.6908089518547058, -0.6284839510917664, 0.42671146988868713, 0.4777858555316925, 0.7678787708282471),
            ["RightLowerLeg"] = CFrame.new(3.4691765904426575e-08, -1.3969838619232178e-08, -2.9802322387695312e-08, 1, -1.937148823571988e-07, 1.2293453721667902e-07, 4.321338167301292e-07, 0.0009873657254502177, 0.9999995231628418, -8.195641498787154e-08, -0.9999995231628418, 0.0009879093850031495),
            ["LeftUpperLeg"] = CFrame.new(0.00002536177635192871, 0.00012555718421936035, 0.004997372627258301, 0.886047899723053, 0.40597888827323914, -0.22383081912994385, -0.46137186884880066, 0.724997878074646, -0.5113843679428101, -0.04533408209681511, 0.5563805103302002, 0.829690158367157),
            ["LeftLowerLeg"] = CFrame.new(-1.7811544239521027e-07, 2.9802322387695312e-08, 1.4901161193847656e-07, 1, 1.0430809993522416e-07, -7.450583261459087e-09, -5.960464477539063e-08, 0.7711330056190491, 0.6366736888885498, 1.4901161193847656e-08, -0.6366741061210632, 0.7711334228515625),
        }},
        {Time = 0.233, Data = {
            ["RightFoot"] = CFrame.new(1.0849907994270325e-07, 2.942979335784912e-07, -5.960464477539063e-08, 0.9804182052612305, 0.19672395288944244, -0.00893472135066986, -0.14246965944766998, 0.6772474050521851, -0.7218300104141235, -0.13595077395439148, 0.7089681029319763, 0.6920127868652344),
            ["LeftLowerArm"] = CFrame.new(4.023313522338867e-07, 1.7881393432617188e-07, 2.9802322387695312e-08, 1, -2.575105781943421e-07, -8.393544703722e-08, -2.1047884501967928e-07, 0.9918273687362671, -0.12758766114711761, -1.2107190627830278e-07, 0.12758757174015045, 0.9918273687362671),
            ["LeftFoot"] = CFrame.new(-7.450580596923828e-09, 3.725290298461914e-08, -3.725290298461914e-08, 0.7589203119277954, -0.5094040632247925, -0.4056435823440552, 0.573360800743103, 0.8180438280105591, 0.04540983587503433, 0.308702677488327, -0.26704269647598267, 0.9129027128219604),
            ["Head"] = CFrame.new(-1.4901161193847656e-08, 1.7881393432617188e-07, 1.1734664440155029e-07, 0.6559230089187622, -0.26424074172973633, 0.7070658206939697, 0.2139168530702591, 0.9633941054344177, 0.16159044206142426, -0.7238816618919373, 0.04526254162192345, 0.6884377598762512),
            ["RightUpperArm"] = CFrame.new(-1.043081283569336e-07, -0.06523779034614563, 1.1920928955078125e-07, -0.3277686834335327, 0.266130656003952, 0.9065001010894775, 0.9442110657691956, 0.05963269621133804, 0.32389700412750244, 0.03214195743203163, 0.9620907306671143, -0.2708292007446289),
            ["UpperTorso"] = CFrame.new(-1.2665987014770508e-07, 2.384185791015625e-07, 4.470348358154297e-08, 0.9728021621704102, -0.05389874055981636, 0.22527994215488434, 0.010004404932260513, 0.9814211130142212, 0.19160571694374084, -0.23142151534557343, -0.18414054811000824, 0.9552676677703857),
            ["HumanoidRootPart"] = CFrame.new(0, 0, 0, 1, 0, 0, 0, 1, 0, 0, 0, 1),
            ["RightHand"] = CFrame.new(-1.564621925354004e-07, -2.9802322387695312e-08, 1.1175870895385742e-07, 0.9564156532287598, -0.2769428789615631, 0.09258461743593216, 0.2784159183502197, 0.9604555368423462, -0.0031327090691775084, -0.08805552870035172, 0.028773121535778046, 0.9957000017166138),
            ["LeftUpperArm"] = CFrame.new(-1.7881393432617188e-07, -0.06523773819208145, -1.4901161193847656e-07, 0.3093894422054291, 0.7524291276931763, -0.581488311290741, -0.9498569369316101, 0.21541181206703186, -0.22664855420589447, -0.04527745768427849, 0.622453510761261, 0.7813460826873779),
            ["RightLowerArm"] = CFrame.new(2.2351741790771484e-07, 3.725290298461914e-07, 0, 1, 5.77420280478691e-08, -5.960464477539063e-08, 2.048909948371147e-07, 0.7505242228507996, -0.6608428359031677, 5.2154071283894154e-08, 0.6608429551124573, 0.7505243420600891),
            ["LeftHand"] = CFrame.new(1.4901161193847656e-07, 2.9802322387695312e-08, 2.9802322387695312e-08, 0.8600130081176758, 0.5101574659347534, -0.010827395133674145, -0.510054886341095, 0.8600723147392273, 0.010935782454907894, 0.014891667291522026, -0.0038825939409434795, 0.9998816251754761),
            ["LowerTorso"] = CFrame.new(0.2380785346031189, -0.4444746673107147, 0.013124184682965279, 0.8459228873252869, 0.19977813959121704, 0.49447259306907654, -0.17661473155021667, 0.9798080921173096, -0.093719482421875, -0.5032113790512085, -0.008051862008869648, 0.8641258478164673),
            ["RightUpperLeg"] = CFrame.new(-0.000025540590286254883, -0.00012540817260742188, -0.004997432231903076, 0.8486135601997375, -0.526655375957489, -0.04989197850227356, 0.38813313841819763, 0.6839296817779541, -0.6177318096160889, 0.3594546914100647, 0.5048506855964661, 0.7848045229911804),
            ["RightLowerLeg"] = CFrame.new(-6.007030606269836e-08, -2.207234501838684e-07, -8.940696716308594e-08, 1, 2.2351736461700966e-08, 2.7194613494430087e-07, 5.140900043443253e-07, 0.010179354809224606, 0.9999482035636902, -2.3841855067985307e-07, -0.999948263168335, 0.010179208591580391),
            ["LeftUpperLeg"] = CFrame.new(0.00002562999725341797, 0.00012552738189697266, 0.004997193813323975, 0.8798971772193909, 0.38219568133354187, -0.2823251187801361, -0.46681204438209534, 0.8062136173248291, -0.3634640574455261, 0.08869943022727966, 0.45160403847694397, 0.8877986669540405),
            ["LeftLowerLeg"] = CFrame.new(-4.190951585769653e-09, 1.4901161193847656e-07, 5.960464477539063e-08, 1, 1.4901164746561335e-08, 8.195640788244418e-08, -2.9802318834981634e-08, 0.8283378481864929, 0.5602288842201233, 5.215405707303944e-08, -0.5602289438247681, 0.8283377885818481),
        }},
        {Time = 0.267, Data = {
            ["RightFoot"] = CFrame.new(1.2386590242385864e-07, 2.2351741790771484e-07, -5.21540641784668e-08, 0.9817512631416321, 0.19011974334716797, -0.004374846816062927, -0.13804185390472412, 0.696631908416748, -0.7040228843688965, -0.13080185651779175, 0.6917793154716492, 0.7101638317108154),
            ["LeftLowerArm"] = CFrame.new(-1.9371509552001953e-07, -2.384185791015625e-07, 1.1920928955078125e-07, 1, 1.0244544768056585e-07, -6.984918199393064e-10, 2.2538009147865523e-07, 0.9903815388679504, -0.1383635252714157, -1.6763808119435453e-08, 0.13836343586444855, 0.9903815388679504),
            ["LeftFoot"] = CFrame.new(-1.4901161193847656e-08, 2.9802322387695312e-08, -5.960464477539063e-08, 0.765304446220398, -0.5176176428794861, -0.3825978934764862, 0.5856924057006836, 0.8065375089645386, 0.0803840383887291, 0.2669713497161865, -0.28560319542884827, 0.9204114675521851),
            ["Head"] = CFrame.new(-1.4901161193847656e-08, -1.7881393432617188e-07, -4.0978193283081055e-08, 0.6364115476608276, -0.2837863266468048, 0.7172486186027527, 0.21890200674533844, 0.9580789804458618, 0.1848423182964325, -0.7396366000175476, 0.03937140479683876, 0.6718540191650391),
            ["RightUpperArm"] = CFrame.new(1.043081283569336e-07, -0.06523853540420532, -2.9802322387695312e-08, -0.46608197689056396, 0.45312148332595825, 0.7599001526832581, 0.8673575520515442, 0.06458917260169983, 0.4934767484664917, 0.1745239496231079, 0.8891057968139648, -0.423122376203537),
            ["UpperTorso"] = CFrame.new(-3.3527612686157227e-08, 5.960464477539063e-08, 1.4156103134155273e-07, 0.9679334759712219, -0.05199650302529335, 0.2457665205001831, 0.002513163024559617, 0.9802992343902588, 0.19750238955020905, -0.25119414925575256, -0.19055123627185822, 0.9489951133728027),
            ["HumanoidRootPart"] = CFrame.new(0, 0, 0, 1, 0, 0, 0, 1, 0, 0, 0, 1),
            ["RightHand"] = CFrame.new(9.685754776000977e-08, -8.940696716308594e-08, 1.1920928955078125e-07, 0.9520763754844666, -0.2776721715927124, 0.1282522976398468, 0.2808851897716522, 0.9597136974334717, -0.007314592599868774, -0.12105442583560944, 0.04298814386129379, 0.991714596748352),
            ["LeftUpperArm"] = CFrame.new(2.980232238769531e-07, -0.06523817777633667, -2.9802322387695312e-08, 0.3307254910469055, 0.7574142813682556, -0.5629777312278748, -0.9425029158592224, 0.23471443355083466, -0.23790240287780762, -0.048051945865154266, 0.6092886328697205, 0.7914913892745972),
            ["RightLowerArm"] = CFrame.new(1.341104507446289e-07, -8.940696716308594e-08, -1.4901161193847656e-08, 1, -2.9616046504088445e-07, -5.5879372240497105e-09, -2.0116577559292637e-07, 0.9005222320556641, -0.4348101019859314, -7.823113179483698e-08, 0.43481001257896423, 0.9005221724510193),
            ["LeftHand"] = CFrame.new(4.470348358154297e-08, -3.725290298461914e-08, -1.4156103134155273e-07, 0.8640254139900208, 0.500090479850769, -0.05804973468184471, -0.49980685114860535, 0.8658978343009949, 0.02035141922533512, 0.060442764312028885, 0.01142979972064495, 0.9981062412261963),
            ["LowerTorso"] = CFrame.new(0.23674559593200684, -0.42229628562927246, 0.01229296438395977, 0.8630635142326355, 0.2099715918302536, 0.4593835175037384, -0.1849295198917389, 0.9777070879936218, -0.09944798052310944, -0.4700238108634949, 0.0008761508506722748, 0.8826532959938049),
