return {
    ["Shhh."] = {
        {Time = 0.000, Data = {
            ["LeftFoot"] = CFrame.new(7.450580596923828e-08, -1.1920928955078125e-07, -7.450580596923828e-09, 0.9891416430473328, -0.1398639678955078, -0.04513251781463623, 0.14465436339378357, 0.9807889461517334, 0.13087502121925354, 0.02596105821430683, -0.1359827071428299, 0.99037104845047),
            ["LeftLowerArm"] = CFrame.new(-0.0004927515983581543, -0.00009965896606445312, -1.7881393432617188e-07, 1, -5.215407838932151e-08, 6.053594603372403e-08, 5.960465188081798e-08, 0.9911621809005737, -0.1326558142900467, 5.960465188081798e-08, 0.1326557993888855, 0.9911622405052185),
            ["RightUpperArm"] = CFrame.new(-0.0033485889434814453, -0.032965779304504395, -4.470348358154297e-08, 0.9917899370193481, -0.024618273600935936, -0.1254890412092209, 0.03833868354558945, 0.9933983087539673, 0.10812092572450638, 0.12199543416500092, -0.11204436421394348, 0.9861857891082764),
            ["Head"] = CFrame.new(-4.0978193283081055e-08, 7.152557373046875e-07, 2.8405338525772095e-08, 0.9462476968765259, 0.04490918293595314, 0.3203100860118866, -0.04935618117451668, 0.9987645149230957, 0.005774009972810745, -0.31965506076812744, -0.021272942423820496, 0.9472951292991638),
            ["LowerTorso"] = CFrame.new(-0.06077461317181587, -0.11319994926452637, -0.023169219493865967, 0.9634994268417358, -0.011921759694814682, -0.26744481921195984, 0.00010016919259214774, 0.9990239143371582, -0.04417214170098305, 0.2677103877067566, 0.04253304377198219, 0.9625601768493652),
            ["UpperTorso"] = CFrame.new(3.65253072232008e-09, -4.470348358154297e-07, 1.5366822481155396e-08, 0.9984949827194214, -0.0051636481657624245, -0.054600056260824203, 0.013836911879479885, 0.9870699644088745, 0.15969227254390717, 0.053069472312927246, -0.16020745038986206, 0.9856557250022888),
            ["HumanoidRootPart"] = CFrame.new(0, 0, 0, 1, 0, 0, 0, 1, 0, 0, 0, 1),
            ["LeftUpperLeg"] = CFrame.new(-1.1920928955078125e-07, -2.407468855381012e-07, -2.9802322387695312e-08, 0.9806357622146606, 0.18793024122714996, 0.05509721487760544, -0.15081873536109924, 0.9041628241539001, -0.3996790647506714, -0.12492875009775162, 0.38362979888916016, 0.9149978160858154),
            ["LeftUpperArm"] = CFrame.new(0.0033486485481262207, -0.03296530246734619, 5.960464477539063e-08, 0.8932159543037415, 0.21708305180072784, -0.39376333355903625, -0.16378286480903625, 0.9726508259773254, 0.16469363868236542, 0.41873687505722046, -0.08261524140834808, 0.9043375849723816),
            ["RightLowerArm"] = CFrame.new(-0.000007063150405883789, 5.960464477539063e-08, 1.1920928955078125e-07, 1, 3.632158751543102e-08, -5.587936335871291e-09, -2.2351747119842003e-08, 0.994702160358429, -0.1027994453907013, -5.494804611316795e-08, 0.1027994453907013, 0.994702160358429),
            ["LeftHand"] = CFrame.new(5.960464477539063e-08, 0.00009948015213012695, 3.2782554626464844e-07, 0.9777635335922241, 0.15806542336940765, 0.13781824707984924, -0.14350634813308716, 0.983528196811676, -0.10990183055400848, -0.1529199331998825, 0.08768023550510406, 0.9843413233757019),
            ["RightFoot"] = CFrame.new(1.1175870895385742e-08, 1.7881393432617188e-07, -1.3205863069742918e-08, 0.9859606623649597, 0.16403445601463318, -0.03121488355100155, -0.16224774718284607, 0.8969573974609375, -0.411269873380661, -0.03946346417069435, 0.4105609655380249, 0.9109790325164795),
            ["RightHand"] = CFrame.new(-1.043081283569336e-07, -1.1920928955078125e-07, -8.940696716308594e-08, 0.9786539673805237, -0.1919022798538208, -0.07355166971683502, 0.17392027378082275, 0.96401447057724, -0.20106685161590576, 0.10949000716209412, 0.18398277461528778, 0.9768123626708984),
            ["RightLowerLeg"] = CFrame.new(-4.0978193283081055e-08, -0.000003516674041748047, -0.000013290140486788005, 1, 1.4901168299275014e-08, -7.450582373280668e-09, 1.2014061212539673e-07, 0.8442082405090332, 0.5360148549079895, -2.7939677238464355e-08, -0.536015510559082, 0.8442085385322571),
            ["RightUpperLeg"] = CFrame.new(2.384185791015625e-07, 1.8114224076271057e-07, -1.6952981241047382e-09, 0.9316200017929077, -0.2064608931541443, -0.29909592866897583, 0.18386508524417877, 0.9776302576065063, -0.10214116424322128, 0.31349295377731323, 0.04016313701868057, 0.9487406611442566),
            ["LeftLowerLeg"] = CFrame.new(3.725290298461914e-08, 0.000003993511199951172, 0.000013239681720733643, 1, 5.960463766996327e-08, -6.705523958316917e-08, 0, 0.9516392350196838, 0.3072178363800049, -3.725290298461914e-08, -0.30721792578697205, 0.9516392350196838),
        }},
        {Time = 0.033, Data = {
            ["LeftFoot"] = CFrame.new(5.960464477539063e-08, 0, -1.862645149230957e-08, 0.9892454743385315, -0.13927705585956573, -0.04466995596885681, 0.14404253661632538, 0.9807065725326538, 0.13215984404087067, 0.025401581078767776, -0.137173593044281, 0.9902214407920837),
            ["LeftLowerArm"] = CFrame.new(-0.0004930794239044189, -0.00009930133819580078, -1.1920928955078125e-07, 1, -4.6566128730773926e-08, -4.3772150348786454e-08, 2.2351741790771484e-08, 0.9911147356033325, -0.13301020860671997, 4.6566128730773926e-08, 0.13301019370555878, 0.9911146759986877),
            ["RightUpperArm"] = CFrame.new(-0.003348708152770996, -0.032965898513793945, 2.9802322387695312e-08, 0.9918434619903564, -0.025279100984334946, -0.1249336302280426, 0.039095230400562286, 0.9932283163070679, 0.10940425097942352, 0.12131855636835098, -0.11339621990919113, 0.9861147999763489),
            ["Head"] = CFrame.new(-4.470348358154297e-08, 7.152557373046875e-07, 3.725290298461914e-09, 0.9459272623062134, 0.04463733360171318, 0.32129278779029846, -0.04918992891907692, 0.998771071434021, 0.006061839871108532, -0.320627361536026, -0.021538425236940384, 0.9469605684280396),
            ["LowerTorso"] = CFrame.new(-0.06137213110923767, -0.11238837242126465, -0.02589593082666397, 0.9633713364601135, -0.009658954106271267, -0.2679973840713501, -0.0021965366322547197, 0.9990334510803223, -0.043902285397052765, 0.26816239953041077, 0.04288286343216896, 0.9624188542366028),
            ["UpperTorso"] = CFrame.new(1.932494342327118e-08, -7.450580596923828e-07, -7.450580596923828e-09, 0.9984381198883057, -0.007251810282468796, -0.055397436022758484, 0.015993133187294006, 0.987145185470581, 0.1590246707201004, 0.05353216081857681, -0.15966226160526276, 0.9857191443443298),
            ["HumanoidRootPart"] = CFrame.new(0, 0, 0, 1, 0, 0, 0, 1, 0, 0, 0, 1),
            ["LeftUpperLeg"] = CFrame.new(-1.1920928955078125e-07, -3.371387720108032e-07, 2.9802322387695312e-08, 0.9810507297515869, 0.18506060540676117, 0.057376813143491745, -0.1479535698890686, 0.9067564606666565, -0.3948449492454529, -0.12509725987911224, 0.3788737952709198, 0.9169544577598572),
            ["LeftUpperArm"] = CFrame.new(0.003348827362060547, -0.03296518325805664, 5.960464477539063e-08, 0.8936755061149597, 0.21683746576309204, -0.39285480976104736, -0.1635860800743103, 0.9726766347885132, 0.16473695635795593, 0.41783225536346436, -0.08295570313930511, 0.9047247767448425),
            ["RightLowerArm"] = CFrame.new(-0.000007271766662597656, -3.5762786865234375e-07, 0, 1, 3.026799433314409e-08, 7.404018020906733e-08, -1.4901168299275014e-08, 0.9947264194488525, -0.10256370157003403, -6.89179060486822e-08, 0.10256370902061462, 0.9947264194488525),
            ["LeftHand"] = CFrame.new(1.1920928955078125e-07, 0.00010019540786743164, 5.960464477539063e-08, 0.9777634739875793, 0.15806573629379272, 0.13781842589378357, -0.1435067504644394, 0.9835281372070312, -0.10990177094936371, -0.15292003750801086, 0.08768004924058914, 0.9843413233757019),
            ["RightFoot"] = CFrame.new(-3.725290298461914e-09, 4.172325134277344e-07, 2.4047039914876223e-08, 0.9857480525970459, 0.16527067124843597, -0.031409066170454025, -0.1634732484817505, 0.8969612121582031, -0.4107760787010193, -0.039716605097055435, 0.410056471824646, 0.9111950993537903),
            ["RightHand"] = CFrame.new(-5.960464477539063e-08, 1.7881393432617188e-07, 5.960464477539063e-08, 0.9786539673805237, -0.19190242886543274, -0.07355168461799622, 0.1739204227924347, 0.9640144109725952, -0.20106695592403412, 0.10949014872312546, 0.18398281931877136, 0.9768123626708984),
            ["RightLowerLeg"] = CFrame.new(4.0978193283081055e-08, -0.000003874301910400391, -0.000013230535842012614, 1, 3.725290298461914e-08, -6.705525379402388e-08, 4.4703490686970326e-08, 0.8447353839874268, 0.5351840853691101, 4.4703490686970326e-08, -0.5351842045783997, 0.8447355628013611),
            ["RightUpperLeg"] = CFrame.new(5.960464477539063e-08, 1.7276033759117126e-07, -2.4047039914876223e-08, 0.9312606453895569, -0.2092859148979187, -0.29824984073638916, 0.18704275786876678, 0.9770829081535339, -0.10160711407661438, 0.3126799464225769, 0.03883728012442589, 0.949064314365387),
            ["LeftLowerLeg"] = CFrame.new(-3.725290298461914e-08, 0.000003814697265625, 0.000013343989849090576, 1, -5.587936335871291e-09, -7.078051567077637e-08, -4.4703490686970326e-08, 0.9536795616149902, 0.3008243143558502, -8.195639367158947e-08, -0.3008243441581726, 0.9536795616149902),
        }},
        {Time = 0.067, Data = {
            ["LeftFoot"] = CFrame.new(-3.3527612686157227e-08, 1.1920928955078125e-07, -3.725290298461914e-09, 0.9895722270011902, -0.13734741508960724, -0.04338774457573891, 0.14196138083934784, 0.9809680581092834, 0.1324712187051773, 0.02436778135597706, -0.13724932074546814, 0.9902368187904358),
            ["LeftLowerArm"] = CFrame.new(-0.0004923343658447266, -0.00009900331497192383, 3.5762786865234375e-07, 1, -5.215407838932151e-08, -8.381900507004048e-09, 5.960465188081798e-08, 0.9907544851303101, -0.13566772639751434, 2.2351745343485163e-08, 0.13566769659519196, 0.9907543659210205),
            ["RightUpperArm"] = CFrame.new(-0.0033487677574157715, -0.0329667329788208, -7.450580596923828e-08, 0.9920266270637512, -0.026840807870030403, -0.12314087897539139, 0.040649015456438065, 0.9929854869842529, 0.11102946847677231, 0.11929362267255783, -0.11514972150325775, 0.9861586689949036),
            ["Head"] = CFrame.new(-6.146728992462158e-08, 3.5762786865234375e-07, 1.7229467630386353e-08, 0.9451255202293396, 0.043809887021780014, 0.3237570822238922, -0.048362601548433304, 0.998811662197113, 0.006025813519954681, -0.32310837507247925, -0.02135288342833519, 0.946121096611023),
            ["LowerTorso"] = CFrame.new(-0.06375836580991745, -0.11030888557434082, -0.033199623227119446, 0.9630412459373474, -0.005385042633861303, -0.2693001925945282, -0.00641837902367115, 0.9990574717521667, -0.04293027147650719, 0.26927754282951355, 0.043072089552879333, 0.9620989561080933),
            ["UpperTorso"] = CFrame.new(-9.313225746154785e-10, -3.5762786865234375e-07, 8.381903171539307e-09, 0.998294472694397, -0.010830879211425781, -0.05736621096730232, 0.019793270155787468, 0.9872322082519531, 0.1580534726381302, 0.05492181330919266, -0.15891936421394348, 0.9857627749443054),
            ["HumanoidRootPart"] = CFrame.new(0, 0, 0, 1, 0, 0, 0, 1, 0, 0, 0, 1),
            ["LeftUpperLeg"] = CFrame.new(-1.1920928955078125e-07, -7.636845111846924e-08, -4.470348358154297e-08, 0.9819275736808777, 0.17888587713241577, 0.06179000809788704, -0.1417723298072815, 0.9115387201309204, -0.38600242137908936, -0.12537461519241333, 0.3702663481235504, 0.9204261302947998),
            ["LeftUpperArm"] = CFrame.new(0.003348827362060547, -0.032965660095214844, 2.9802322387695312e-08, 0.8947917222976685, 0.21599073708057404, -0.3907747268676758, -0.16332028806209564, 0.97288578748703, 0.16376297175884247, 0.41554099321365356, -0.08271224796772003, 0.9058017134666443),
            ["RightLowerArm"] = CFrame.new(-0.000007212162017822266, 4.172325134277344e-07, -2.9802322387695312e-08, 1, 2.3283067918100642e-08, 2.421438694000244e-08, -1.862645326866641e-08, 0.994889497756958, -0.10097020119428635, -1.3969840395589017e-08, 0.10097020119428635, 0.994889497756958),
            ["LeftHand"] = CFrame.new(3.129243850708008e-07, 0.0000997781753540039, 2.384185791015625e-07, 0.9777635931968689, 0.1580655574798584, 0.13781796395778656, -0.14350657165050507, 0.9835281372070312, -0.1099017858505249, -0.15291959047317505, 0.08768017590045929, 0.9843413829803467),
            ["RightFoot"] = CFrame.new(7.078051567077637e-08, 2.384185791015625e-07, 1.6596459317952394e-08, 0.985106348991394, 0.16898463666439056, -0.03177587687969208, -0.16718094050884247, 0.8981006145477295, -0.4067748486995697, -0.04020063951611519, 0.4060291349887848, 0.9129757285118103),
            ["RightHand"] = CFrame.new(4.470348358154297e-08, -5.960464477539063e-08, -5.960464477539063e-08, 0.9786540269851685, -0.191902294754982, -0.07355152815580368, 0.17392030358314514, 0.96401447057724, -0.20106691122055054, 0.10948997735977173, 0.18398283421993256, 0.9768123030662537),
            ["RightLowerLeg"] = CFrame.new(-6.332993507385254e-08, -0.000003933906555175781, -0.000013208184100221843, 1, -7.450584149637507e-09, -5.215408904746255e-08, 7.450580596923828e-08, 0.8480936288833618, 0.5298462510108948, -5.21540641784668e-08, -0.5298465490341187, 0.8480938076972961),
            ["RightUpperLeg"] = CFrame.new(1.1920928955078125e-07, -1.2828968465328217e-07, -9.145878721028566e-09, 0.9306635856628418, -0.21471139788627625, -0.2962506413459778, 0.19390404224395752, 0.9760846495628357, -0.09828558564186096, 0.3102685809135437, 0.034026578068733215, 0.9500397443771362),
            ["LeftLowerLeg"] = CFrame.new(-4.470348358154297e-08, 0.000003933906555175781, 0.00001329183578491211, 1, -2.607702853651972e-08, 5.587935447692871e-09, -2.2351741790771484e-08, 0.956813395023346, 0.2907026708126068, -3.725290298461914e-08, -0.2907027304172516, 0.9568134546279907),
        }},
        {Time = 0.100, Data = {
            ["LeftFoot"] = CFrame.new(3.3527612686157227e-08, 5.960464477539063e-08, -2.9802322387695312e-08, 0.9901243448257446, -0.13391704857349396, -0.04147375002503395, 0.13818587362766266, 0.982140064239502, 0.1276932805776596, 0.023632502183318138, -0.13216309249401093, 0.9909462928771973),
            ["LeftLowerArm"] = CFrame.new(-0.0004928708076477051, -0.00009936094284057617, -1.1920928955078125e-07, 1, -6.053597445543346e-08, -2.7008358216562556e-08, 4.4703497792397684e-08, 0.9897496104240417, -0.142813578248024, 1.4901166522918174e-08, 0.1428135335445404, 0.9897496104240417),
            ["RightUpperArm"] = CFrame.new(-0.0033487677574157715, -0.0329662561416626, 1.4901161193847656e-08, 0.9923232793807983, -0.02825907990336418, -0.12040260434150696, 0.04181566834449768, 0.9928731322288513, 0.11159984022378922, 0.11638759076595306, -0.11577779054641724, 0.9864323139190674),
            ["Head"] = CFrame.new(-4.284083843231201e-08, 5.960464477539062e-07, 6.984919309616089e-08, 0.9441205859184265, 0.043008673936128616, 0.3267822563648224, -0.04748502001166344, 0.9988555908203125, 0.005728983320295811, -0.3261618912220001, -0.020926108583807945, 0.9450823068618774),
            ["LowerTorso"] = CFrame.new(-0.06854089349508286, -0.10708379745483398, -0.04376585781574249, 0.9626606106758118, -0.002881561405956745, -0.2706960439682007, -0.00868605449795723, 0.9990997314453125, -0.041525136679410934, 0.2705719769001007, 0.04232589155435562, 0.9617688655853271),
            ["UpperTorso"] = CFrame.new(2.7939677238464355e-09, -5.364418029785156e-07, 0, 0.9981500506401062, -0.012432926334440708, -0.05951534956693649, 0.021666817367076874, 0.9873414635658264, 0.15712229907512665, 0.056808482855558395, -0.15812113881111145, 0.9857842326164246),
            ["HumanoidRootPart"] = CFrame.new(0, 0, 0, 1, 0, 0, 0, 1, 0, 0, 0, 1),
            ["LeftUpperLeg"] = CFrame.new(1.1920928955078125e-07, -4.3655745685100555e-07, -2.2351741790771484e-08, 0.9827693104743958, 0.1730116605758667, 0.06505030393600464, -0.13593789935112, 0.9150000810623169, -0.37986284494400024, -0.1252414733171463, 0.36447471380233765, 0.9227527976036072),
            ["LeftUpperArm"] = CFrame.new(0.0033489465713500977, -0.03296506404876709, 2.9802322387695312e-08, 0.8959701061248779, 0.21538960933685303, -0.388399213552475, -0.16361503303050995, 0.9730979204177856, 0.1622009128332138, 0.4128773808479309, -0.08177917450666428, 0.9071036577224731),
            ["RightLowerArm"] = CFrame.new(-0.000007212162017822266, 5.960464477539063e-08, -8.940696716308594e-08, 1, 2.8172514987545583e-08, 5.960465898624534e-08, -2.980232949312267e-08, 0.9953229427337646, -0.09660394489765167, 5.587936779960501e-09, 0.09660392999649048, 0.9953229427337646),
            ["LeftHand"] = CFrame.new(4.76837158203125e-07, 0.0000997781753540039, 4.76837158203125e-07, 0.9777634739875793, 0.1580655425786972, 0.137817844748497, -0.1435064971446991, 0.9835281372070312, -0.10990197956562042, -0.15291959047317505, 0.087680384516716, 0.9843413829803467),
            ["RightFoot"] = CFrame.new(4.0978193283081055e-08, 4.172325134277344e-07, -3.55576048605144e-08, 0.9839003086090088, 0.17594967782497406, -0.03133685141801834, -0.17377914488315582, 0.9009492993354797, -0.3976067304611206, -0.04172632843255997, 0.3966512680053711, 0.9170206785202026),
            ["RightHand"] = CFrame.new(1.1920928955078125e-07, -2.384185791015625e-07, 2.9802322387695312e-08, 0.9786540269851685, -0.1919025033712387, -0.07355159521102905, 0.1739204376935959, 0.96401447057724, -0.2010669708251953, 0.10949002206325531, 0.18398289382457733, 0.9768123030662537),
            ["RightLowerLeg"] = CFrame.new(-2.9802322387695312e-08, -0.0000037550926208496094, -0.00001328268990619108, 1, -2.3096805534805753e-07, -8.940698847936801e-08, 1.871958659194206e-07, 0.8497152328491211, 0.5272417664527893, -9.872020712009544e-08, -0.5272418856620789, 0.8497152924537659),
            ["RightUpperLeg"] = CFrame.new(-2.9802322387695312e-08, -2.0838342607021332e-08, -2.4047039914876223e-08, 0.930212140083313, -0.22086752951145172, -0.29312554001808167, 0.20112283527851105, 0.9748237133026123, -0.09627339988946915, 0.307009756565094, 0.030600404366850853, 0.9512144923210144),
            ["LeftLowerLeg"] = CFrame.new(1.2665987014770508e-07, 0.0000036954879760742188, 0.000013276934623718262, 1, 0, -4.2840824221457297e-08, 2.2351738238057806e-08, 0.9576662182807922, 0.28788113594055176, -5.960463766996327e-08, -0.28788119554519653, 0.9576661586761475),
        }},
        {Time = 0.133, Data = {
            ["LeftFoot"] = CFrame.new(-7.078051567077637e-08, 0, 6.705522537231445e-08, 0.9908093810081482, -0.12944987416267395, -0.03923816978931427, 0.13320063054561615, 0.9842267036437988, 0.11642751097679138, 0.023547910153865814, -0.1205841600894928, 0.9924238920211792),
            ["LeftLowerArm"] = CFrame.new(-0.0004925429821014404, -0.00009900331497192383, 1.1920928955078125e-07, 1, -5.5646538044129557e-08, 2.421439049271612e-08, 4.4703494239684005e-08, 0.9880748391151428, -0.15397502481937408, 5.960465898624534e-08, 0.1539750099182129, 0.9880748391151428),
            ["RightUpperArm"] = CFrame.new(-0.003348708152770996, -0.0329662561416626, 4.470348358154297e-08, 0.9927797913551331, -0.026495754718780518, -0.11699165403842926, 0.039564333856105804, 0.9930508732795715, 0.11083608865737915, 0.11323888599872589, -0.11466449499130249, 0.9869288206100464),
            ["Head"] = CFrame.new(-2.60770320892334e-08, 2.384185791015625e-07, 3.5390257835388184e-08, 0.9431307911872864, 0.04431931674480438, 0.32945430278778076, -0.0489116869866848, 0.9987870454788208, 0.005659548565745354, -0.3288038372993469, -0.021451853215694427, 0.944154679775238),
            ["LowerTorso"] = CFrame.new(-0.07507222890853882, -0.10322761535644531, -0.056279897689819336, 0.9623600244522095, -0.0035453042946755886, -0.2717547118663788, -0.007547459565103054, 0.9991806745529175, -0.039762962609529495, 0.2716730237007141, 0.040317341685295105, 0.9615447521209717),
            ["UpperTorso"] = CFrame.new(1.30385160446167e-08, -7.450580596923828e-07, 3.725290298461914e-09, 0.9980582594871521, -0.01308028306812048, -0.06089906767010689, 0.022449113428592682, 0.987532913684845, 0.1558038592338562, 0.05810191109776497, -0.15686847269535065, 0.9859089851379395),
            ["HumanoidRootPart"] = CFrame.new(0, 0, 0, 1, 0, 0, 0, 1, 0, 0, 0, 1),
            ["LeftUpperLeg"] = CFrame.new(-5.960464477539063e-08, -5.937181413173676e-07, 7.450580596923828e-09, 0.9833497405052185, 0.1694166362285614, 0.06573700904846191, -0.13234898447990417, 0.915559709072113, -0.3797817528247833, -0.12452756613492966, 0.3647580146789551, 0.9227374792098999),
            ["LeftUpperArm"] = CFrame.new(0.003348827362060547, -0.03296542167663574, 0, 0.8963907957077026, 0.21739500761032104, -0.386305570602417, -0.16646389663219452, 0.9727863669395447, 0.16116756200790405, 0.4108204245567322, -0.08016312122344971, 0.9081811308860779),
            ["RightLowerArm"] = CFrame.new(-0.00000712275505065918, 1.1920928955078125e-07, 1.7881393432617188e-07, 1, 3.06172225350565e-08, 1.862645149230957e-09, -2.2351741790771484e-08, 0.9963473081588745, -0.08539409935474396, -4.377216100692749e-08, 0.08539414405822754, 0.9963472485542297),
            ["LeftHand"] = CFrame.new(3.8743019104003906e-07, 0.0001004934310913086, 2.384185791015625e-07, 0.9777637124061584, 0.15806542336940765, 0.13781729340553284, -0.14350640773773193, 0.9835280776023865, -0.10990216583013535, -0.15291887521743774, 0.08768068999052048, 0.9843413829803467),
            ["RightFoot"] = CFrame.new(-3.3527612686157227e-08, 2.384185791015625e-07, -2.0656443666666746e-08, 0.9821988940238953, 0.18549923598766327, -0.02958916872739792, -0.18259358406066895, 0.9058412313461304, -0.3822450637817383, -0.044102754443883896, 0.38084354996681213, 0.9235871434211731),
            ["RightHand"] = CFrame.new(4.470348358154297e-08, 7.152557373046875e-07, -2.9802322387695312e-08, 0.9786540865898132, -0.19190217554569244, -0.07355156540870667, 0.17392012476921082, 0.96401447057724, -0.2010672688484192, 0.10948991775512695, 0.18398317694664001, 0.9768122434616089),
            ["RightLowerLeg"] = CFrame.new(5.587935447692871e-08, -0.0000037550926208496094, -0.000013197008229326457, 1, -6.70552182668871e-08, -7.450579175838357e-08, 4.0978189730367376e-08, 0.8498132824897766, 0.5270839333534241, 5.5879347371501353e-08, -0.5270838141441345, 0.8498132824897766),
            ["RightUpperLeg"] = CFrame.new(1.7881393432617188e-07, -4.1408929973840714e-07, -9.145878721028566e-09, 0.9302361607551575, -0.2257193624973297, -0.28932979702949524, 0.2066245824098587, 0.9737631678581238, -0.09534980356693268, 0.3032607138156891, 0.0289150457829237, 0.952468752861023),
            ["LeftLowerLeg"] = CFrame.new(-8.940696716308594e-08, 0.000004112720489501953, 0.00001329183578491211, 1, 8.009376273321323e-08, -2.6077040971017595e-08, -4.0978196835794733e-08, 0.954846203327179, 0.29710057377815247, -6.705523247774181e-08, -0.29710057377815247, 0.954846203327179),
        }},
        {Time = 0.167, Data = {
            ["LeftFoot"] = CFrame.new(-7.450580596923828e-09, 1.7881393432617188e-07, 1.862645149230957e-09, 0.9915132522583008, -0.12462376803159714, -0.03702148422598839, 0.12769286334514618, 0.9870312213897705, 0.09728281199932098, 0.024418089538812637, -0.10118487477302551, 0.9945679903030396),
            ["LeftLowerArm"] = CFrame.new(-0.0004926025867462158, -0.00009953975677490234, -1.1920928955078125e-07, 1, -6.146729703004894e-08, 1.0244548320770264e-08, 7.4505820180093e-08, 0.98549884557724, -0.16968229413032532, 3.539026494081554e-08, 0.16968223452568054, 0.9854989051818848),
            ["RightUpperArm"] = CFrame.new(-0.0033485889434814453, -0.03296613693237305, -2.2351741790771484e-08, 0.9932893514633179, -0.02114284597337246, -0.11371009051799774, 0.03362170606851578, 0.9934764504432678, 0.1089690774679184, 0.11066128313541412, -0.11206093430519104, 0.9875199794769287),
            ["Head"] = CFrame.new(-1.1175870895385742e-08, 3.5762786865234375e-07, 2.0489096641540527e-08, 0.9425508379936218, 0.04777514189481735, 0.3306289613246918, -0.05291618034243584, 0.9985774159431458, 0.006560262758284807, -0.3298451900482178, -0.023678990080952644, 0.9437381029129028),
            ["LowerTorso"] = CFrame.new(-0.08236030489206314, -0.09887886047363281, -0.0694272592663765, 0.962253749370575, -0.009776158258318901, -0.2719782292842865, -0.00034679032978601754, 0.999309778213501, -0.037146758288145065, 0.27215367555618286, 0.03583892434835434, 0.9615861773490906),
            ["UpperTorso"] = CFrame.new(-1.0302755981683731e-08, -5.662441253662109e-07, 5.587935447692871e-09, 0.9980862140655518, -0.010500429198145866, -0.06094112619757652, 0.019802840426564217, 0.9878541827201843, 0.15411679446697235, 0.0585826151072979, -0.15502862632274628, 0.9861716032028198),
            ["HumanoidRootPart"] = CFrame.new(0, 0, 0, 1, 0, 0, 0, 1, 0, 0, 0, 1),
            ["LeftUpperLeg"] = CFrame.new(-1.7881393432617188e-07, -9.872019290924072e-08, 7.450580596923828e-09, 0.9832758903503418, 0.17130506038665771, 0.06183234974741936, -0.1342352330684662, 0.9111357927322388, -0.389631450176239, -0.12308377027511597, 0.3748151361942291, 0.9188929200172424),
            ["LeftUpperArm"] = CFrame.new(0.003348827362060547, -0.03296518325805664, 7.450580596923828e-08, 0.8954249620437622, 0.22269870340824127, -0.38552364706993103, -0.1725393682718277, 0.9718172550201416, 0.1606229990720749, 0.41041961312294006, -0.07730775326490402, 0.9086098670959473),
            ["RightLowerArm"] = CFrame.new(-0.000007510185241699219, 3.5762786865234375e-07, 0, 1, 4.0978196835794733e-08, -9.31322685637781e-10, -2.6077039194660756e-08, 0.9977257251739502, -0.06740575283765793, -4.656613938891496e-08, 0.06740574538707733, 0.9977257251739502),
            ["LeftHand"] = CFrame.new(3.8743019104003906e-07, 0.00009948015213012695, 2.682209014892578e-07, 0.977763831615448, 0.15806519985198975, 0.1378163844347, -0.1435062289237976, 0.9835281372070312, -0.10990245640277863, -0.1529180258512497, 0.0876811146736145, 0.9843415021896362),
            ["RightFoot"] = CFrame.new(5.21540641784668e-08, 2.980232238769531e-07, -6.535992724820971e-08, 0.9799347519874573, 0.19782312214374542, -0.024371951818466187, -0.19345232844352722, 0.9145068526268005, -0.35532140731811523, -0.048002105206251144, 0.3529069721698761, 0.9344264268875122),
            ["RightHand"] = CFrame.new(-1.043081283569336e-07, -2.384185791015625e-07, -1.1920928955078125e-07, 0.978654146194458, -0.19190192222595215, -0.07355134189128876, 0.1739199161529541, 0.9640145301818848, -0.2010672688484192, 0.10948970913887024, 0.18398331105709076, 0.9768122434616089),
            ["RightLowerLeg"] = CFrame.new(5.21540641784668e-08, -0.0000034570693969726562, -0.000013349745131563395, 1, -1.4156101713069802e-07, -1.6391281576488836e-07, 1.4225945221824077e-07, 0.8447818756103516, 0.5351108312606812, -1.08033368917404e-07, -0.5351107716560364, 0.8447819352149963),
            ["RightUpperLeg"] = CFrame.new(0, -1.0570511221885681e-07, 1.3205863069742918e-08, 0.9310956597328186, -0.22760911285877228, -0.28505316376686096, 0.20730367302894592, 0.9731610417366028, -0.09991426020860672, 0.3001438081264496, 0.033937014639377594, 0.9532900452613831),
            ["LeftLowerLeg"] = CFrame.new(-8.940696716308594e-08, 0.0000040531158447265625, 0.000013224780559539795, 1, 5.5879375793210784e-08, -1.4528639269428822e-07, -7.450582373280668e-09, 0.9464421272277832, 0.3228738605976105, -8.940698847936801e-08, -0.3228737413883209, 0.9464421272277832),
        }},
        {Time = 0.200, Data = {
            ["LeftFoot"] = CFrame.new(-7.82310962677002e-08, 0, -8.754432201385498e-08, 0.9921646118164062, -0.11993207782506943, -0.03501223772764206, 0.12239237129688263, 0.9892863035202026, 0.07957987487316132, 0.025093240663409233, -0.08324124664068222, 0.9962134957313538),
            ["LeftLowerArm"] = CFrame.new(-0.0004929006099700928, -0.00010013580322265625, 5.960464477539063e-08, 1, -5.401671643312511e-08, 3.445891394449063e-08, 8.195639367158947e-08, 0.9810591340065002, -0.1937088519334793, -2.6077035641947077e-08, 0.1937088668346405, 0.9810590147972107),
            ["RightUpperArm"] = CFrame.new(-0.003348708152770996, -0.0329662561416626, -2.9802322387695312e-08, 0.9937306642532349, -0.0157073475420475, -0.1106942892074585, 0.02755904197692871, 0.9939456582069397, 0.10636124014854431, 0.10835035145282745, -0.10874508321285248, 0.9881468415260315),
            ["Head"] = CFrame.new(-2.9802322387695312e-08, 3.5762786865234375e-07, 1.4901161193847656e-08, 0.9425614476203918, 0.05001360550522804, 0.33026769757270813, -0.05631048232316971, 0.9983679056167603, 0.009519855491816998, -0.32925257086753845, -0.0275705698877573, 0.9438393712043762),
            ["LowerTorso"] = CFrame.new(-0.08941309154033661, -0.09475064277648926, -0.0818016529083252, 0.9623703956604004, -0.016319716349244118, -0.2712506651878357, 0.007568536326289177, 0.9994175434112549, -0.033277250826358795, 0.2716357409954071, 0.029972070828080177, 0.9619333744049072),
            ["UpperTorso"] = CFrame.new(5.587935447692871e-09, -6.258487701416016e-07, -1.1175870895385742e-08, 0.9981671571731567, -0.006194630172103643, -0.06020071357488632, 0.015254490077495575, 0.9883816838264465, 0.15122534334659576, 0.05856451764702797, -0.15186648070812225, 0.9866645336151123),
            ["HumanoidRootPart"] = CFrame.new(0, 0, 0, 1, 0, 0, 0, 1, 0, 0, 0, 1),
            ["LeftUpperLeg"] = CFrame.new(0, -3.5995617508888245e-07, -1.4901161193847656e-08, 0.9831832051277161, 0.1735592782497406, 0.05681503564119339, -0.1367911696434021, 0.9060142636299133, -0.4005325436592102, -0.1209915429353714, 0.386025071144104, 0.9145194888114929),
            ["LeftUpperArm"] = CFrame.new(0.003349006175994873, -0.03296542167663574, 4.470348358154297e-08, 0.8939664959907532, 0.22560878098011017, -0.3872128427028656, -0.176908478140831, 0.9715237617492676, 0.15761777758598328, 0.41173693537712097, -0.07240369915962219, 0.908417820930481),
            ["RightLowerArm"] = CFrame.new(-0.0000073909759521484375, 6.556510925292969e-07, 2.9802322387695312e-08, 1, 3.166496398421259e-08, 4.749745841081676e-08, -2.6077035641947077e-08, 0.9988637566566467, -0.04765861853957176, -4.6566135836201283e-08, 0.04765862226486206, 0.9988637566566467),
            ["LeftHand"] = CFrame.new(4.470348358154297e-07, 0.00010037422180175781, 2.384185791015625e-07, 0.9777639508247375, 0.15806500613689423, 0.13781526684761047, -0.14350605010986328, 0.9835280776023865, -0.10990288108587265, -0.1529170125722885, 0.08768176287412643, 0.9843416213989258),
            ["RightFoot"] = CFrame.new(7.078051567077637e-08, 3.5762786865234375e-07, -2.0656443666666746e-08, 0.9785162210464478, 0.20536452531814575, -0.018203016370534897, -0.1992470622062683, 0.9192783236503601, -0.33945244550704956, -0.052977390587329865, 0.33578696846961975, 0.9404471516609192),
            ["RightHand"] = CFrame.new(1.6391277313232422e-07, -2.384185791015625e-07, 1.7881393432617188e-07, 0.9786542654037476, -0.19190169870853424, -0.07355120033025742, 0.1739196926355362, 0.9640144109725952, -0.20106741786003113, 0.1094895750284195, 0.18398348987102509, 0.9768122434616089),
            ["RightLowerLeg"] = CFrame.new(-1.1920928955078125e-07, -0.000003874301910400391, -0.000013286415196489543, 1, -5.960463056453591e-08, 7.450578820566989e-09, 1.3597305326129572e-07, 0.8265872597694397, 0.5628084540367126, -2.2351734685344127e-08, -0.562808632850647, 0.826587438583374),
            ["RightUpperLeg"] = CFrame.new(1.1920928955078125e-07, 1.862645149230957e-07, -4.267349140718579e-08, 0.9378695487976074, -0.2263713777065277, -0.2629769444465637, 0.20182745158672333, 0.9723789691925049, -0.117238350212574, 0.2822522222995758, 0.056878115981817245, 0.9576525092124939),
            ["LeftLowerLeg"] = CFrame.new(-2.2351741790771484e-08, 0.000004112720489501953, 0.000013224780559539795, 1, 8.195640788244418e-08, 2.1420424545226524e-08, -2.6077035641947077e-08, 0.9378954172134399, 0.3469180166721344, -3.3527616238870905e-08, -0.3469181954860687, 0.9378954768180847),
        }},
        {Time = 0.233, Data = {
            ["LeftFoot"] = CFrame.new(-6.51925802230835e-08, 5.960464477539063e-08, 1.1548399925231934e-07, 0.9925943613052368, -0.11665933579206467, -0.033870209008455276, 0.11894147843122482, 0.9900031089782715, 0.07580700516700745, 0.024687914177775383, -0.07927443087100983, 0.9965471625328064),
            ["LeftLowerArm"] = CFrame.new(-0.0004929900169372559, -0.00009906291961669922, 0, 1, -4.0978189730367376e-08, -4.051251423220492e-08, 5.21540641784668e-08, 0.9732630848884583, -0.22969332337379456, 1.4901161193847656e-08, 0.22969335317611694, 0.9732630252838135),
            ["RightUpperArm"] = CFrame.new(-0.003348708152770996, -0.032965898513793945, -7.450580596923828e-09, 0.9941169023513794, -0.012601813301444054, -0.10757963359355927, 0.023451991379261017, 0.994691789150238, 0.10019134730100632, 0.10574303567409515, -0.10212486982345581, 0.989135205745697),
            ["Head"] = CFrame.new(-5.21540641784668e-08, 4.76837158203125e-07, 3.5390257835388184e-08, 0.9433069825172424, 0.04872032627463341, 0.32832664251327515, -0.055889151990413666, 0.9983596205711365, 0.012427323497831821, -0.3271825909614563, -0.03007267601788044, 0.9444825649261475),
            ["LowerTorso"] = CFrame.new(-0.0943588837981224, -0.09261250495910645, -0.08766315132379532, 0.9628362655639648, -0.016313519328832626, -0.26959294080734253, 0.00914454273879528, 0.9995709657669067, -0.02782648429274559, 0.26993122696876526, 0.02432703971862793, 0.9625722765922546),
            ["UpperTorso"] = CFrame.new(1.862645149230957e-09, -4.470348358154297e-07, -2.60770320892334e-08, 0.9982008934020996, -0.004955703858286142, -0.05975363776087761, 0.013840798288583755, 0.988707959651947, 0.1492152065038681, 0.05833950638771057, -0.14977379143238068, 0.986997663974762),
            ["HumanoidRootPart"] = CFrame.new(0, 0, 0, 1, 0, 0, 0, 1, 0, 0, 0, 1),
            ["LeftUpperLeg"] = CFrame.new(8.940696716308594e-08, -3.702007234096527e-07, -5.960464477539063e-08, 0.9837733507156372, 0.17076952755451202, 0.05502523481845856, -0.1343483030796051, 0.9044293165206909, -0.40491729974746704, -0.11891373246908188, 0.39095455408096313, 0.9126961827278137),
            ["LeftUpperArm"] = CFrame.new(0.003348708152770996, -0.03296542167663574, 2.9802322387695312e-08, 0.8923072814941406, 0.22299039363861084, -0.392520546913147, -0.17821194231510162, 0.9728654623031616, 0.14755243062973022, 0.4147629737854004, -0.06171021610498428, 0.9078303575515747),
            ["RightLowerArm"] = CFrame.new(-0.000007450580596923828, 2.384185791015625e-07, 0, 1, 4.0978196835794733e-08, -2.0489098417897367e-08, -3.3527616238870905e-08, 0.9995161890983582, -0.03110566735267639, -1.210719524635806e-08, 0.031105682253837585, 0.9995161890983582),
            ["LeftHand"] = CFrame.new(5.960464477539063e-08, 0.00010007619857788086, 2.3096799850463867e-07, 0.977764368057251, 0.15806491672992706, 0.13781267404556274, -0.14350618422031403, 0.9835279583930969, -0.10990339517593384, -0.1529144048690796, 0.08768267929553986, 0.9843419790267944),
            ["RightFoot"] = CFrame.new(-9.685754776000977e-08, 3.5762786865234375e-07, -1.3205863069742918e-08, 0.9798784852027893, 0.19927549362182617, -0.011292393319308758, -0.18976736068725586, 0.9126041531562805, -0.3621348440647125, -0.06185906380414963, 0.3569914996623993, 0.9320573210716248),
            ["RightHand"] = CFrame.new(-2.8312206268310547e-07, 5.960464477539063e-08, 0, 0.9786542654037476, -0.19190141558647156, -0.0735509917140007, 0.17391951382160187, 0.9640145301818848, -0.2010669857263565, 0.10948927700519562, 0.18398308753967285, 0.9768123030662537),
            ["RightLowerLeg"] = CFrame.new(-8.754432201385498e-08, -0.0000033974647521972656, -0.000013316217518877238, 1, -7.4505820180093e-08, -8.195641498787154e-08, 1.1175870895385742e-07, 0.7540357112884521, 0.6568325757980347, -3.725290298461914e-08, -0.6568334102630615, 0.7540364861488342),
            ["RightUpperLeg"] = CFrame.new(5.960464477539063e-08, -2.966262400150299e-07, 2.8107024263590574e-08, 0.9479036927223206, -0.2349487990140915, -0.21512271463871002, 0.19127501547336578, 0.9597976803779602, -0.20543190836906433, 0.2547403573989868, 0.1535821110010147, 0.9547355771064758),
            ["LeftLowerLeg"] = CFrame.new(-6.705522537231445e-08, 0.000004112720489501953, 0.000013217329978942871, 1, 3.539026138810186e-08, -8.661300654466686e-08, 3.725291186640334e-09, 0.9368114471435547, 0.3498351275920868, -5.960465898624534e-08, -0.3498349189758301, 0.9368113875389099),
        }},
        {Time = 0.267, Data = {
            ["LeftFoot"] = CFrame.new(4.284083843231201e-08, -5.960464477539063e-08, -1.862645149230957e-08, 0.9926446080207825, -0.11618177592754364, -0.03403759375214577, 0.11863367259502411, 0.9895363450050354, 0.08212073147296906, 0.02414071559906006, -0.0855550616979599, 0.9960409998893738),
            ["LeftLowerArm"] = CFrame.new(-0.0004932284355163574, -0.00009804964065551758, 1.1920928955078125e-07, 1, -7.450581307466564e-08, 2.002343357787595e-08, 4.4703497792397684e-08, 0.9599194526672363, -0.28027626872062683, 5.215408194203519e-08, 0.28027626872062683, 0.9599194526672363),
            ["RightUpperArm"] = CFrame.new(-0.0033486485481262207, -0.032965898513793945, -3.725290298461914e-08, 0.9946101307868958, -0.009255477227270603, -0.10327427834272385, 0.01874079369008541, 0.9956516623497009, 0.09125051647424698, 0.10197772830724716, -0.09269412606954575, 0.9904584288597107),
            ["Head"] = CFrame.new(0, 3.5762786865234375e-07, 3.91155481338501e-08, 0.9450638890266418, 0.044369813054800034, 0.3238604962825775, -0.05439745634794235, 0.9982776045799255, 0.021971477195620537, -0.32232779264450073, -0.038381628692150116, 0.9458497762680054),
            ["LowerTorso"] = CFrame.new(-0.09521009027957916, -0.09267926216125488, -0.08529334515333176, 0.9637145400047302, -0.013436684384942055, -0.26659664511680603, 0.008253896608948708, 0.9997547268867493, -0.02055160328745842, 0.2668074071407318, 0.017605416476726532, 0.963589072227478),
            ["UpperTorso"] = CFrame.new(-9.313225746154785e-09, -7.152557373046875e-07, 1.4901161193847656e-08, 0.9982365369796753, -0.0051869056187570095, -0.05913563072681427, 0.013878678902983665, 0.988959550857544, 0.14753484725952148, 0.05771748349070549, -0.14809538424015045, 0.9872874617576599),
            ["HumanoidRootPart"] = CFrame.new(0, 0, 0, 1, 0, 0, 0, 1, 0, 0, 0, 1),
            ["LeftUpperLeg"] = CFrame.new(-1.1920928955078125e-07, 2.3026950657367706e-07, -4.470348358154297e-08, 0.9843252897262573, 0.1681382805109024, 0.05322922021150589, -0.1320655792951584, 0.9027510285377502, -0.4093891382217407, -0.116886667907238, 0.39594200253486633, 0.910805881023407),
            ["LeftUpperArm"] = CFrame.new(0.0033487677574157715, -0.03296458721160889, 5.960464477539063e-08, 0.8955381512641907, 0.21698948740959167, -0.38850483298301697, -0.18149542808532715, 0.9752431511878967, 0.12632755935192108, 0.40628907084465027, -0.04261927306652069, 0.912746012210846),
            ["RightLowerArm"] = CFrame.new(-0.00000712275505065918, 2.384185791015625e-07, -1.1920928955078125e-07, 1, 3.725290298461914e-08, 6.14673041354763e-08, -4.0978196835794733e-08, 0.9998363256454468, -0.018095379695296288, -2.3283067918100642e-08, 0.018095385283231735, 0.9998363256454468),
            ["LeftHand"] = CFrame.new(2.5331974029541016e-07, 0.00009971857070922852, 1.7881393432617188e-07, 0.9777648448944092, 0.15806514024734497, 0.13780902326107025, -0.14350663125514984, 0.9835278391838074, -0.1099037379026413, -0.15291091799736023, 0.08768352121114731, 0.9843423962593079),
