return {
    ["The M.D."] = {
        {Time = 0.000, Data = {
            ["LeftFoot"] = CFrame.new(2.9802322387695312e-08, -5.960464477539063e-08, -2.2351741790771484e-08, 0.8796452879905701, -0.40387097001075745, -0.2512218952178955, 0.31107181310653687, 0.888069748878479, -0.33847659826278687, 0.35980355739593506, 0.21959136426448822, 0.9068193435668945),
            ["LeftLowerArm"] = CFrame.new(-2.9802322387695312e-08, 3.5762786865234375e-07, 0.0000041406601667404175, 1, -6.705523247774181e-08, 5.960464477539063e-08, 3.725290298461914e-09, 0.642787754535675, -0.7660444378852844, 3.725290298461914e-08, 0.7660444378852844, 0.642787754535675),
            ["LowerTorso"] = CFrame.new(0, -0.3700000047683716, 2.2351738238057806e-09, 1, 0, 0, 0, 1, -1.4901161193847656e-08, 0, 1.4901161193847656e-08, 1),
            ["Head"] = CFrame.new(0, 0, 0, 1, 0, 0, -1.4210854715202004e-14, 1, -1.1920927533992653e-07, 2.1316282072803006e-14, 0, 1),
            ["RightUpperArm"] = CFrame.new(0, 0, 0, 0.4422245919704437, 0.42286550998687744, 0.790962815284729, 0.7616684436798096, 0.28860944509506226, -0.5801429748535156, -0.4736018180847168, 0.8590049147605896, -0.19445310533046722),
            ["UpperTorso"] = CFrame.new(0, 1.1920928955078125e-07, -1.7763568394002505e-15, 1, 0, 0, 0, 1, 1.4901161193847656e-08, 0, -1.4901161193847656e-08, 1),
            ["HumanoidRootPart"] = CFrame.new(0, 0, 0, 1, 0, 0, 0, 1, 0, 0, 0, 1),
            ["RightHand"] = CFrame.new(2.9802322387695312e-08, 5.960464477539063e-08, -1.4901161193847656e-07, 0.8159225583076477, -0.08197840303182602, 0.5723198056221008, 0.323563814163208, 0.8851064443588257, -0.33450427651405334, -0.47914189100265503, 0.45811155438423157, 0.7487034797668457),
            ["LeftUpperArm"] = CFrame.new(0, 0, 0, 0.120041623711586, -0.27376675605773926, -0.9542756080627441, -0.45047834515571594, 0.8415512442588806, -0.2980952262878418, 0.8846802711486816, 0.4656643867492676, -0.0223048385232687),
            ["RightLowerArm"] = CFrame.new(-5.960464477539063e-08, -3.5762786865234375e-07, -0.000004172325134277344, 1, -0.000019937755496357568, 0.000001415610427102365, 0.000019952656657551415, 0.9891655445098877, -0.14680498838424683, 0.000001445412863176898, 0.14680494368076324, 0.9891654849052429),
            ["LeftHand"] = CFrame.new(-1.4621764421463013e-07, 5.960464477539063e-08, -1.7881393432617188e-07, 0.3747934401035309, -0.34870803356170654, -0.8590300679206848, -0.34897154569625854, 0.8053615093231201, -0.4791780710220337, 0.8589229583740234, 0.4793699383735657, 0.18015508353710175),
            ["RightUpperLeg"] = CFrame.new(0, -1.4901413436518851e-12, 0, 0.7406982183456421, -0.6338720321655273, -0.22264836728572845, 0.4039164185523987, 0.6849712133407593, -0.6063547134399414, 0.5368590354919434, 0.35919445753097534, 0.7633882761001587),
            ["LeftUpperLeg"] = CFrame.new(0, 0, 0, 0.7406732439994812, 0.6338476538658142, 0.22280097007751465, -0.40387094020843506, 0.6850526928901672, -0.6062929630279541, -0.5369277596473694, 0.35908210277557373, 0.7633928060531616),
            ["RightLowerLeg"] = CFrame.new(-1.043081283569336e-07, -0.0007262825965881348, 0.000046150591515470296, 1, -1.4901168299275014e-08, 2.980232949312267e-08, 2.9802322387695312e-08, 0.5678009986877441, 0.8231658339500427, -5.960464477539063e-08, -0.8231659531593323, 0.5678009986877441),
            ["RightFoot"] = CFrame.new(-1.341104507446289e-07, -1.1920928955078125e-07, 1.6596459317952394e-08, 0.8796452283859253, 0.4039163589477539, 0.25114864110946655, -0.3111526668071747, 0.8880578875541687, -0.3384338319301605, -0.35973358154296875, 0.21955613791942596, 0.906855583190918),
            ["LeftLowerLeg"] = CFrame.new(-2.9802322387695312e-08, -0.0007265210151672363, 0.00008088350296020508, 1, 8.940696716308594e-08, 2.980232594040899e-08, -4.470348358154297e-08, 0.5678629875183105, 0.8231230974197388, 4.470348358154297e-08, -0.8231230974197388, 0.5678631067276001),
        }},
        {Time = 0.033, Data = {
            ["LeftFoot"] = CFrame.new(-2.2351741790771484e-08, 1.1920928955078125e-07, -2.2351741790771484e-08, 0.8848032355308533, -0.39418157935142517, -0.24848347902297974, 0.32065874338150024, 0.9020023345947266, -0.2890847325325012, 0.3380845785140991, 0.17610454559326172, 0.924492359161377),
            ["LeftLowerArm"] = CFrame.new(0, 1.1920928955078125e-07, 0.0000043371692299842834, 1, -5.960464477539063e-08, 4.470347647611561e-08, 3.91155481338501e-08, 0.7567987442016602, -0.6536480188369751, 1.3969838619232178e-08, 0.6536480188369751, 0.7567986845970154),
            ["LowerTorso"] = CFrame.new(0.0037343495059758425, -0.3125807046890259, 0.0018030668143182993, 0.9998826384544373, -0.015284575521945953, -0.0010432862909510732, 0.015300811268389225, 0.9997225999832153, 0.017906049266457558, 0.0007693103398196399, -0.017919909209012985, 0.9998392462730408),
            ["Head"] = CFrame.new(5.129550117999315e-10, 3.5762786865234375e-07, -4.3655745685100555e-11, 0.9994287490844727, -0.028792724013328552, -0.01769987866282463, 0.02862326242029667, 0.9995426535606384, -0.009754150174558163, 0.017972633242607117, 0.009241832420229912, 0.9997957944869995),
            ["RightUpperArm"] = CFrame.new(0, 2.384185791015625e-07, 4.656612873077393e-10, 0.42309409379959106, 0.35079139471054077, 0.8354261517524719, 0.7670629620552063, 0.3521033525466919, -0.5363187193870544, -0.4822923243045807, 0.8677376508712769, -0.12010622769594193),
            ["UpperTorso"] = CFrame.new(3.7562131183221936e-10, -5.960464477539063e-08, 1.3478711480274796e-09, 0.999683678150177, 0.024248333647847176, 0.006676053628325462, -0.024125829339027405, 0.9995495080947876, -0.01785562001168728, -0.0071060145273804665, 0.01768891140818596, 0.9998182654380798),
            ["HumanoidRootPart"] = CFrame.new(0, 0, 0, 1, 0, 0, 0, 1, 0, 0, 0, 1),
            ["RightHand"] = CFrame.new(1.6391277313232422e-07, 1.1920928955078125e-07, -2.9802322387695312e-08, 0.8113163709640503, -0.062165580689907074, 0.5812928676605225, 0.3372288942337036, 0.8619874119758606, -0.3784898519515991, -0.4775380492210388, 0.5031036734580994, 0.7203083634376526),
            ["LeftUpperArm"] = CFrame.new(0, 1.1920928955078125e-07, -1.7462298274040222e-10, 0.13292893767356873, -0.22928085923194885, -0.9642407894134521, -0.45518043637275696, 0.8500856757164001, -0.2648871839046478, 0.8804208040237427, 0.47411468625068665, 0.008636817336082458),
            ["RightLowerArm"] = CFrame.new(-1.1920928955078125e-07, -2.384185791015625e-07, -0.000003978610038757324, 1, -0.000021086540073156357, 0.000006049870535207447, 0.000021055340766906738, 0.849662184715271, -0.5273273587226868, 0.000006023794412612915, 0.5273274183273315, 0.849662184715271),
            ["LeftHand"] = CFrame.new(1.5273690223693848e-07, -5.960464477539063e-08, -1.043081283569336e-07, 0.46308836340904236, -0.31415876746177673, -0.8287662267684937, -0.2748337686061859, 0.8380822539329529, -0.4712585210800171, 0.8426243662834167, 0.44600728154182434, 0.3017646372318268),
            ["RightUpperLeg"] = CFrame.new(0, -2.7650821721181273e-07, 1.4479155652225018e-09, 0.7566090822219849, -0.5871873497962952, -0.2876693606376648, 0.366900235414505, 0.7454174160957336, -0.5565401911735535, 0.5412271618843079, 0.3155374526977539, 0.7794288992881775),
            ["LeftUpperLeg"] = CFrame.new(0, -1.6177727957256138e-07, 1.6880221664905548e-09, 0.7399254441261292, 0.6205150485038757, 0.2597527801990509, -0.3958742022514343, 0.7138648629188538, -0.5776508450508118, -0.5438694953918457, 0.3245892822742462, 0.7738527655601501),
            ["RightLowerLeg"] = CFrame.new(1.4901161193847656e-08, -0.0007262825965881348, 0.000046150591515470296, 1, -4.4703494239684005e-08, 4.4703494239684005e-08, 1.1920927533992653e-07, 0.6822274923324585, 0.7311397790908813, -5.960463766996327e-08, -0.7311400175094604, 0.6822277903556824),
            ["RightFoot"] = CFrame.new(-1.5273690223693848e-07, 1.1920928955078125e-07, 1.287116901949048e-08, 0.888127326965332, 0.3880664110183716, 0.2462397664785385, -0.3184970021247864, 0.9059383273124695, -0.27899011969566345, -0.33134496212005615, 0.16935217380523682, 0.9281866550445557),
            ["LeftLowerLeg"] = CFrame.new(-1.4901161193847656e-08, -0.0007265806198120117, 0.00008091330528259277, 1, 1.3411046495548362e-07, -4.470348358154297e-08, -8.940696716308594e-08, 0.6618081331253052, 0.7496733665466309, 2.9802322387695312e-08, -0.7496732473373413, 0.6618080735206604),
        }},
        {Time = 0.067, Data = {
            ["LeftFoot"] = CFrame.new(1.30385160446167e-07, 1.1920928955078125e-07, 1.862645149230957e-08, 0.8877001404762268, -0.38844406604766846, -0.24718454480171204, 0.331274151802063, 0.9116997718811035, -0.24302446842193604, 0.31975919008255005, 0.1338467001914978, 0.9379973411560059),
            ["LeftLowerArm"] = CFrame.new(-1.7881393432617188e-07, 2.980232238769531e-07, 0.000004202127456665039, 1, -6.705522537231445e-08, 2.9802322387695312e-08, 3.073364496231079e-08, 0.7919060587882996, -0.6106430888175964, 0, 0.6106430292129517, 0.7919059991836548),
            ["LowerTorso"] = CFrame.new(0.009540030732750893, -0.2588002681732178, 0.003874298883602023, 0.9988048076629639, -0.04873102158308029, -0.003795869182795286, 0.04881809651851654, 0.9984189867973328, 0.027862129732966423, 0.00243211816996336, -0.028014134615659714, 0.9996045827865601),
            ["Head"] = CFrame.new(-3.2014213502407074e-10, -1.1920928955078125e-07, 4.0745362639427185e-10, 0.9960765242576599, -0.0739632174372673, -0.048590343445539474, 0.07211152464151382, 0.9966409206390381, -0.03881758078932762, 0.05129820853471756, 0.035161249339580536, 0.9980642199516296),
            ["RightUpperArm"] = CFrame.new(0, -1.1920928955078125e-07, -4.94765117764473e-10, 0.39066436886787415, 0.1801995187997818, 0.9027233719825745, 0.7413764595985413, 0.5197033882141113, -0.42458152770996094, -0.5456576347351074, 0.8351267576217651, 0.06943394243717194),
            ["UpperTorso"] = CFrame.new(-9.36779542826116e-10, -2.9802322387695312e-08, -8.87666828930378e-10, 0.9976046681404114, 0.06546206027269363, 0.022357404232025146, -0.06480719894170761, 0.9974805116653442, -0.028857309371232986, -0.024190137162804604, 0.027339261025190353, 0.9993335008621216),
            ["HumanoidRootPart"] = CFrame.new(0, 0, 0, 1, 0, 0, 0, 1, 0, 0, 0, 1),
            ["RightHand"] = CFrame.new(-2.8312206268310547e-07, 0, -2.421438694000244e-08, 0.795379638671875, -0.038811806589365005, 0.6048676371574402, 0.3500235974788666, 0.8441345691680908, -0.406104177236557, -0.49482786655426025, 0.5347248911857605, 0.6849924921989441),
            ["LeftUpperArm"] = CFrame.new(0, -2.384185791015625e-07, 1.0477378964424133e-09, 0.16506177186965942, -0.1107836440205574, -0.9800416827201843, -0.4695179760456085, 0.8650279641151428, -0.1768602728843689, 0.8673567175865173, 0.48934006690979004, 0.09076813608407974),
            ["RightLowerArm"] = CFrame.new(1.4901161193847656e-07, -2.384185791015625e-07, -0.000004377216100692749, 1, -0.000017210841178894043, 0.000014910472600604407, 0.000017195940017700195, 0.14360634982585907, -0.9896349310874939, 0.000014914199709892273, 0.9896349906921387, 0.14360633492469788),
            ["LeftHand"] = CFrame.new(-1.7881393432617188e-07, 0, 5.960464477539063e-08, 0.5337949395179749, -0.28531762957572937, -0.7960256934165955, -0.1353600025177002, 0.9003893733024597, -0.41349342465400696, 0.8347099423408508, 0.3284706473350525, 0.44200268387794495),
            ["RightUpperLeg"] = CFrame.new(-2.9802322387695312e-08, 2.742890501394868e-07, 2.61206878349185e-09, 0.7784711122512817, -0.5091280937194824, -0.36711186170578003, 0.3186764121055603, 0.8244688510894775, -0.46765023469924927, 0.5407662987709045, 0.24706222116947174, 0.8040722608566284),
            ["LeftUpperLeg"] = CFrame.new(5.960464477539063e-08, 1.7596175894141197e-07, 3.3760443329811096e-09, 0.7284606695175171, 0.6249385476112366, 0.28070777654647827, -0.4093470871448517, 0.7256025671958923, -0.5531149506568909, -0.5493451356887817, 0.28801560401916504, 0.7843895554542542),
            ["RightLowerLeg"] = CFrame.new(-8.195638656616211e-08, -0.000726163387298584, 0.0000461207891930826, 1, -1.1920930376163597e-07, 4.4703490686970326e-08, 2.2351741790771484e-08, 0.8102070093154907, 0.5861441493034363, -5.960464477539063e-08, -0.5861439108848572, 0.8102068901062012),
            ["RightFoot"] = CFrame.new(1.2293457984924316e-07, 5.960464477539063e-08, 7.24758137948811e-08, 0.8966015577316284, 0.3712431490421295, 0.2414219230413437, -0.3292571008205414, 0.9234241247177124, -0.19717395305633545, -0.2961341142654419, 0.09729625284671783, 0.9501778483390808),
            ["LeftLowerLeg"] = CFrame.new(5.21540641784668e-08, -0.0007264614105224609, 0.00008101761341094971, 1, 7.450577754752885e-08, 4.097818262494002e-08, -1.3411046495548362e-07, 0.7377831339836121, 0.6750380396842957, 5.960465188081798e-08, -0.6750379204750061, 0.737782895565033),
        }},
        {Time = 0.100, Data = {
            ["LeftFoot"] = CFrame.new(-2.9802322387695312e-08, 5.960464477539063e-08, 5.4016709327697754e-08, 0.8894776701927185, -0.3846067488193512, -0.24679413437843323, 0.338862806558609, 0.9174509644508362, -0.20846055448055267, 0.306596577167511, 0.1017913892865181, 0.9463809132575989),
            ["LeftLowerArm"] = CFrame.new(2.9802322387695312e-08, 4.172325134277344e-07, 0.000004202127456665039, 1, -8.195639367158947e-08, 0, 4.0978196835794733e-08, 0.7874497175216675, -0.6163790225982666, 1.862645371275562e-09, 0.6163790225982666, 0.7874495983123779),
            ["LowerTorso"] = CFrame.new(0.013085342943668365, -0.2190859317779541, 0.007121413946151733, 0.9966303706169128, -0.08172468096017838, -0.006997640244662762, 0.08192350715398788, 0.9959996342658997, 0.035683147609233856, 0.004053452983498573, -0.03613617643713951, 0.9993387460708618),
            ["Head"] = CFrame.new(-4.336470738053322e-09, -4.76837158203125e-07, 3.7834979593753815e-10, 0.9906185269355774, -0.1025417149066925, -0.09033382683992386, 0.0947345644235611, 0.991706907749176, -0.08685008436441422, 0.09849041700363159, 0.07747745513916016, 0.9921174645423889),
            ["RightUpperArm"] = CFrame.new(5.960464477539063e-08, -1.1920928955078125e-07, -2.3283064365386963e-09, 0.3717336058616638, -0.07728253304958344, 0.9251170754432678, 0.670539140701294, 0.7115321755409241, -0.2099982500076294, -0.6420213580131531, 0.6983906030654907, 0.31632134318351746),
            ["UpperTorso"] = CFrame.new(-1.5497789718210697e-08, 1.4901161193847656e-07, 7.916241884231567e-09, 0.9936962723731995, 0.1045285239815712, 0.04051578789949417, -0.10295427590608597, 0.9939145445823669, -0.03917321190237999, -0.04436393827199936, 0.034755006432533264, 0.9984107613563538),
            ["HumanoidRootPart"] = CFrame.new(0, 0, 0, 1, 0, 0, 0, 1, 0, 0, 0, 1),
            ["RightHand"] = CFrame.new(1.6391277313232422e-07, 1.1920928955078125e-07, -2.4586915969848633e-07, 0.771998941898346, -0.010410846211016178, 0.6355385184288025, 0.3589361906051636, 0.8323265910148621, -0.4223710894584656, -0.5245783925056458, 0.5541877746582031, 0.6462921500205994),
            ["LeftUpperArm"] = CFrame.new(-5.960464477539063e-08, -2.384185791015625e-07, 2.2992026060819626e-09, 0.20519451797008514, 0.056200359016656876, -0.9771063923835754, -0.4939741790294647, 0.8678091168403625, -0.053821779787540436, 0.8449169993400574, 0.4937092363834381, 0.20583121478557587),
            ["RightLowerArm"] = CFrame.new(-8.940696716308594e-08, -4.172325134277344e-07, -0.000004254281520843506, 1, -0.000012982638509129174, 0.000017285348803852685, 0.00001290999171033036, -0.2822496294975281, -0.9593410491943359, 0.000017300246327067725, 0.9593411087989807, -0.2822495996952057),
            ["LeftHand"] = CFrame.new(1.7881393432617188e-07, -2.384185791015625e-07, 1.1920928955078125e-07, 0.594208836555481, -0.2689947187900543, -0.7579959630966187, 0.04465659335255623, 0.9519966244697571, -0.30283376574516296, 0.8030702471733093, 0.14609694480895996, 0.5776970982551575),
            ["RightUpperLeg"] = CFrame.new(0, 2.3079337552189827e-07, 1.7971615307033062e-09, 0.795441210269928, -0.4206991195678711, -0.4362170398235321, 0.2753201127052307, 0.8920856714248657, -0.35830456018447876, 0.5398814678192139, 0.16491085290908813, 0.8254287838935852),
            ["LeftUpperLeg"] = CFrame.new(-8.940696716308594e-08, -8.731149137020111e-10, -2.3283064365386963e-10, 0.7152135372161865, 0.6351981163024902, 0.2915354073047638, -0.4251044988632202, 0.7264677286148071, -0.539935827255249, -0.5547573566436768, 0.26223647594451904, 0.7896052002906799),
            ["RightLowerLeg"] = CFrame.new(-7.82310962677002e-08, -0.0007264614105224609, 0.00004611333861248568, 1, -9.685756197086448e-08, -1.6298145055770874e-09, 9.685756197086448e-08, 0.9176401495933533, 0.39741250872612, 2.980232594040899e-08, -0.3974123001098633, 0.9176400899887085),
            ["RightFoot"] = CFrame.new(-1.4901161193847656e-08, 0, 1.3906537787988782e-07, 0.9024863839149475, 0.35864898562431335, 0.238515242934227, -0.3444010317325592, 0.9334337115287781, -0.1004447191953659, -0.25866255164146423, 0.008504836820065975, 0.9659303426742554),
            ["LeftLowerLeg"] = CFrame.new(-3.725290298461914e-08, -0.0007266402244567871, 0.0000810474157333374, 1, 5.960464477539063e-08, -1.1175868230850483e-08, -4.4703490686970326e-08, 0.7871553897857666, 0.6167552471160889, 2.980232594040899e-08, -0.6167548298835754, 0.787155032157898),
        }},
        {Time = 0.133, Data = {
            ["LeftFoot"] = CFrame.new(-4.470348358154297e-08, -5.960464477539063e-08, 1.862645149230957e-09, 0.8904246687889099, -0.382005900144577, -0.24741753935813904, 0.34080180525779724, 0.9199330806732178, -0.19384877383708954, 0.3016590476036072, 0.08828744292259216, 0.9493193626403809),
            ["LeftLowerArm"] = CFrame.new(-2.9802322387695312e-08, 3.5762786865234375e-07, 0.000004291534423828125, 1, -5.960465188081798e-08, 4.4703490686970326e-08, 6.705522537231445e-08, 0.6599123477935791, -0.7513427138328552, 3.3527612686157227e-08, 0.7513426542282104, 0.6599123477935791),
            ["LowerTorso"] = CFrame.new(0.014076851308345795, -0.2043323516845703, 0.01245207991451025, 0.9953604936599731, -0.09576614201068878, -0.009299064055085182, 0.09610161930322647, 0.9942401051521301, 0.04744715243577957, 0.004701671656221151, -0.04812067374587059, 0.9988305568695068),
            ["Head"] = CFrame.new(6.111804395914078e-10, 1.1920928955078125e-07, -6.402842700481415e-10, 0.9848082661628723, -0.10275328159332275, -0.13998070359230042, 0.08158018440008163, 0.9854059815406799, -0.14939811825752258, 0.15328897535800934, 0.1357087641954422, 0.9788184762001038),
            ["RightUpperArm"] = CFrame.new(0, 2.384185791015625e-07, 4.540197551250458e-09, 0.39061984419822693, -0.3509387671947479, 0.851033627986908, 0.5614875555038452, 0.8234286308288574, 0.08183565735816956, -0.7294846773147583, 0.4458780288696289, 0.5186954140663147),
            ["UpperTorso"] = CFrame.new(-2.672095433808863e-08, -1.4901161193847656e-07, 1.0331859812140465e-09, 0.9909517168998718, 0.12253420799970627, 0.054772622883319855, -0.11964885890483856, 0.9913907647132874, -0.053184255957603455, -0.06081794947385788, 0.04614954814314842, 0.997081458568573),
            ["HumanoidRootPart"] = CFrame.new(0, 0, 0, 1, 0, 0, 0, 1, 0, 0, 0, 1),
            ["RightHand"] = CFrame.new(-1.6391277313232422e-07, -5.960464477539063e-08, -1.862645149230957e-08, 0.7454454898834229, 0.023642919957637787, 0.6661471128463745, 0.3601921796798706, 0.8266106843948364, -0.4324077367782593, -0.5608677268028259, 0.5622774362564087, 0.6076772212982178),
            ["LeftUpperArm"] = CFrame.new(5.960464477539063e-08, 1.1920928955078125e-07, 3.6088749766349792e-09, 0.2418394237756729, 0.23665258288383484, -0.9410150051116943, -0.5259572863578796, 0.8469430208206177, 0.07782445847988129, 0.8154033422470093, 0.4761127233505249, 0.32929331064224243),
            ["RightLowerArm"] = CFrame.new(1.1920928955078125e-07, -2.384185791015625e-07, -0.000004231929779052734, 1, -0.00001297146354772849, 0.000017214566469192505, 0.000012956559658050537, -0.27619561553001404, -0.9611014127731323, 0.000017270445823669434, 0.9611014723777771, -0.2761956453323364),
            ["LeftHand"] = CFrame.new(-7.450580596923828e-08, -2.384185791015625e-07, -1.7881393432617188e-07, 0.6457168459892273, -0.26815447211265564, -0.7149426341056824, 0.22866177558898926, 0.9612457156181335, -0.15401452779769897, 0.7285352349281311, -0.06403026729822159, 0.6820091605186462),
            ["RightUpperLeg"] = CFrame.new(0, -2.2683525457978249e-07, 2.9613147489726543e-09, 0.8016679286956787, -0.3726844787597656, -0.4673704206943512, 0.25157129764556885, 0.9195894002914429, -0.30177372694015503, 0.5422551035881042, 0.12434519827365875, 0.8309618234634399),
            ["LeftUpperLeg"] = CFrame.new(-8.940696716308594e-08, -1.910957507789135e-07, 9.313225746154785e-10, 0.7093779444694519, 0.6406327486038208, 0.2938923239707947, -0.42598897218704224, 0.7218855023384094, -0.5453575849533081, -0.561530351638794, 0.2616696357727051, 0.7849920392036438),
            ["RightLowerLeg"] = CFrame.new(-5.774199962615967e-08, -0.000726163387298584, 0.000046090986870694906, 1, 2.23517560016262e-08, 1.0803341865539551e-07, 3.7252898543727042e-09, 0.9604387879371643, 0.27849116921424866, -1.4901159417490817e-08, -0.27849137783050537, 0.9604387879371643),
            ["RightFoot"] = CFrame.new(2.60770320892334e-08, -5.960464477539063e-08, -5.511537892743945e-08, 0.9048428535461426, 0.3528921604156494, 0.23817335069179535, -0.35366055369377136, 0.9344754815101624, -0.04098708555102348, -0.23703131079673767, -0.04714544489979744, 0.9703574180603027),
            ["LeftLowerLeg"] = CFrame.new(1.1920928955078125e-07, -0.0007266402244567871, 0.00008100271224975586, 1, 4.470348358154297e-08, 2.980232594040899e-08, -3.725289943190546e-08, 0.803480863571167, 0.5953305959701538, 4.470347647611561e-08, -0.5953305959701538, 0.803480863571167),
        }},
        {Time = 0.167, Data = {
            ["LeftFoot"] = CFrame.new(4.470348358154297e-08, 5.960464477539063e-08, 5.774199962615967e-08, 0.8916416168212891, -0.37851110100746155, -0.24840474128723145, 0.33782297372817993, 0.9215098023414612, -0.1915600448846817, 0.30141499638557434, 0.08688613027334213, 0.9495261907577515),
            ["LeftLowerArm"] = CFrame.new(-1.4901161193847656e-07, 4.172325134277344e-07, 0.000004112720489501953, 1, -8.940698137394065e-08, 1.1920930376163597e-07, 8.940698137394065e-08, 0.34533724188804626, -0.9384787082672119, -7.450581485102248e-09, 0.9384786486625671, 0.3453371226787567),
            ["LowerTorso"] = CFrame.new(0.012284237891435623, -0.20872533321380615, 0.020044958218932152, 0.9962698221206665, -0.08573906123638153, -0.009760706685483456, 0.08619951456785202, 0.9940651655197144, 0.06636374443769455, 0.004012813325971365, -0.06695755571126938, 0.9977477788925171),
            ["Head"] = CFrame.new(4.452886059880257e-09, -3.5762786865234375e-07, 4.656612873077393e-10, 0.9788298606872559, -0.08758258819580078, -0.18499059975147247, 0.0474824383854866, 0.9763327240943909, -0.21099750697612762, 0.1990920752286911, 0.19774672389030457, 0.9598221778869629),
            ["RightUpperArm"] = CFrame.new(-5.960464477539063e-08, -1.1920928955078125e-07, -2.444721758365631e-09, 0.4397767186164856, -0.5491730570793152, 0.7106373310089111, 0.4533994197845459, 0.8187857270240784, 0.35216355323791504, -0.7752584218978882, 0.16732916235923767, 0.6090775728225708),
            ["UpperTorso"] = CFrame.new(-3.767127054743469e-09, -2.9802322387695312e-08, 2.9831426218152046e-09, 0.9917070865631104, 0.11394345015287399, 0.05944720655679703, -0.10958579927682877, 0.9913635849952698, -0.07203657925128937, -0.06714189052581787, 0.06492459774017334, 0.9956288933753967),
            ["HumanoidRootPart"] = CFrame.new(0, 0, 0, 1, 0, 0, 0, 1, 0, 0, 0, 1),
            ["RightHand"] = CFrame.new(2.086162567138672e-07, 2.384185791015625e-07, 3.2782554626464844e-07, 0.7208545207977295, 0.0635979175567627, 0.6901623010635376, 0.3497997522354126, 0.8262696266174316, -0.4414958655834198, -0.5983384251594543, 0.5596729516983032, 0.5733736753463745),
            ["LeftUpperArm"] = CFrame.new(5.960464477539063e-08, -2.384185791015625e-07, 6.170012056827545e-09, 0.26740995049476624, 0.3925970196723938, -0.8799770474433899, -0.5586327910423279, 0.8072657585144043, 0.19039836525917053, 0.7851251363754272, 0.44066953659057617, 0.435188353061676),
            ["RightLowerArm"] = CFrame.new(-2.980232238769531e-07, -3.5762786865234375e-07, -0.000004380941390991211, 1, -0.000013113020031596534, 0.000016853211491252296, 0.000013142824172973633, -0.24622108042240143, -0.9692137837409973, 0.00001683831214904785, 0.9692137837409973, -0.24622106552124023),
            ["LeftHand"] = CFrame.new(-2.9802322387695312e-08, -5.960464477539063e-08, 0, 0.6881621479988098, -0.28091877698898315, -0.6689674258232117, 0.3768959641456604, 0.9262548685073853, -0.001251220703125, 0.619985818862915, -0.2512700855731964, 0.7432906627655029),
            ["RightUpperLeg"] = CFrame.new(0, -7.566995918750763e-09, 1.673470251262188e-10, 0.7974748015403748, -0.39895129203796387, -0.45262765884399414, 0.2490348368883133, 0.900952160358429, -0.3553408086299896, 0.549559473991394, 0.17065514624118805, 0.8178393840789795),
            ["LeftUpperLeg"] = CFrame.new(0, 3.015156835317612e-08, -5.122274160385132e-09, 0.715313196182251, 0.6326490044593811, 0.29678642749786377, -0.4047693908214569, 0.7213126420974731, -0.5620231032371521, -0.5696391463279724, 0.2818923592567444, 0.772041380405426),
            ["RightLowerLeg"] = CFrame.new(-1.0803341865539551e-07, -0.0007262229919433594, 0.000046087261580396444, 1, -4.4703490686970326e-08, 5.5879347371501353e-08, 4.470347647611561e-08, 0.9422475695610046, 0.3349173665046692, 2.2351738238057806e-08, -0.3349173963069916, 0.9422475695610046),
            ["RightFoot"] = CFrame.new(3.725290298461914e-09, 5.960464477539063e-08, 5.4780684877187014e-08, 0.9044094681739807, 0.35276973247528076, 0.23999424278736115, -0.348023384809494, 0.9353426098823547, -0.06335445493459702, -0.24682626128196716, -0.026225343346595764, 0.968704879283905),
            ["LeftLowerLeg"] = CFrame.new(0, -0.0007266998291015625, 0.00008092820644378662, 1, 7.450577044210149e-08, 7.078050856534901e-08, -8.940695295223122e-08, 0.801159143447876, 0.5984511971473694, -1.4901159417490817e-08, -0.5984513163566589, 0.8011593222618103),
        }},
        {Time = 0.200, Data = {
            ["LeftFoot"] = CFrame.new(1.0803341865539551e-07, -5.960464477539063e-08, -7.636845111846924e-08, 0.8933993577957153, -0.37397274374961853, -0.24896231293678284, 0.3330259621143341, 0.9232191443443298, -0.1917290836572647, 0.30154818296432495, 0.08837976306676865, 0.9493459463119507),
            ["LeftLowerArm"] = CFrame.new(0, 5.364418029785156e-07, 0.000004291534423828125, 1, -2.9802322387695312e-08, 7.450580596923828e-08, 7.450580596923828e-08, 0.017504915595054626, -0.999846875667572, 5.960464477539063e-08, 0.9998468160629272, 0.017504960298538208),
            ["LowerTorso"] = CFrame.new(0.008196517825126648, -0.22014176845550537, 0.027491841465234756, 0.9980581998825073, -0.0617794431746006, -0.007946701720356941, 0.06223272159695625, 0.9944118857383728, 0.08527699112892151, 0.0026339294854551554, -0.08560594171285629, 0.9963256120681763),
            ["Head"] = CFrame.new(8.556526154279709e-09, -2.384185791015625e-07, 1.280568540096283e-09, 0.975220263004303, -0.060370009392499924, -0.2128400206565857, 0.004287340212613344, 0.9670255780220032, -0.2546432316303253, 0.2211945801973343, 0.24742057919502258, 0.9433217644691467),
            ["RightUpperArm"] = CFrame.new(0, -4.76837158203125e-07, 2.0954757928848267e-09, 0.48670896887779236, -0.6470994353294373, 0.5868362188339233, 0.3816585838794708, 0.7617830038070679, 0.5234726667404175, -0.785780668258667, -0.030807657167315483, 0.6177376508712769),
            ["UpperTorso"] = CFrame.new(1.814441930036992e-08, 2.9802322387695312e-08, 1.2267264537513256e-08, 0.9948534369468689, 0.0871085375547409, 0.05175657197833061, -0.08227754384279251, 0.9926186203956604, -0.08909908682107925, -0.05913582816720009, 0.08438211679458618, 0.9946771860122681),
            ["HumanoidRootPart"] = CFrame.new(0, 0, 0, 1, 0, 0, 0, 1, 0, 0, 0, 1),
            ["RightHand"] = CFrame.new(-1.7881393432617188e-07, -3.5762786865234375e-07, -1.862645149230957e-07, 0.7040465474128723, 0.10981988906860352, 0.7016110420227051, 0.3237408995628357, 0.8297037482261658, -0.45473456382751465, -0.6320682764053345, 0.5472946166992188, 0.5485969185829163),
            ["LeftUpperArm"] = CFrame.new(0, -1.1920928955078125e-07, 3.958120942115784e-09, 0.2807160019874573, 0.4959082305431366, -0.8217503428459167, -0.5832812786102295, 0.7680797576904297, 0.2642660439014435, 0.7622214555740356, 0.4051279127597809, 0.5048661828041077),
            ["RightLowerArm"] = CFrame.new(-8.940696716308594e-08, -1.7881393432617188e-07, -0.000004112720489501953, 1, -0.000013425948054646142, 0.000016063451766967773, 0.000013467593817040324, -0.17505036294460297, -0.9845595359802246, 0.000015988945960998535, 0.9845595359802246, -0.17505037784576416),
            ["LeftHand"] = CFrame.new(1.4901161193847656e-07, 5.960464477539063e-08, 2.9802322387695312e-08, 0.7239144444465637, -0.30104732513427734, -0.6207401156425476, 0.46521103382110596, 0.877434253692627, 0.11699546128511429, 0.5094375014305115, -0.37346985936164856, 0.7752378582954407),
            ["RightUpperLeg"] = CFrame.new(5.960464477539063e-08, 4.656612873077393e-10, -6.81757228448987e-09, 0.786994218826294, -0.45326510071754456, -0.418557733297348, 0.26074403524398804, 0.8592106103897095, -0.44019320607185364, 0.5591535568237305, 0.23729296028614044, 0.7943798303604126),
            ["LeftUpperLeg"] = CFrame.new(-2.9802322387695312e-08, -5.587935447692871e-09, 3.4924596548080444e-09, 0.7282114624977112, 0.6135647296905518, 0.3053624927997589, -0.3723022937774658, 0.7282307744026184, -0.5753879547119141, -0.5754120349884033, 0.30531686544418335, 0.758737325668335),
            ["RightLowerLeg"] = CFrame.new(-1.4901161193847656e-08, -0.0007261037826538086, 0.00004598667874233797, 1, -3.725290653733282e-08, -9.406359424701805e-08, 3.725290298461914e-08, 0.8982247114181519, 0.4395366609096527, -5.960464477539063e-08, -0.4395366907119751, 0.8982247114181519),
            ["RightFoot"] = CFrame.new(-4.842877388000488e-08, 5.960464477539063e-08, -1.227454049512744e-08, 0.902397871017456, 0.35594677925109863, 0.242858424782753, -0.3391290307044983, 0.9343639612197876, -0.10934041440486908, -0.26583755016326904, 0.016307998448610306, 0.9638798832893372),
            ["LeftLowerLeg"] = CFrame.new(8.940696716308594e-08, -0.000726163387298584, 0.00008094310760498047, 1, 2.9802318834981634e-08, 7.4505820180093e-08, -8.940698137394065e-08, 0.7960037589073181, 0.605291485786438, -5.960465188081798e-08, -0.6052916646003723, 0.7960039377212524),
        }},
        {Time = 0.233, Data = {
            ["LeftFoot"] = CFrame.new(3.725290298461914e-08, 1.1920928955078125e-07, 2.9802322387695312e-08, 0.8948721289634705, -0.37043464183807373, -0.24896126985549927, 0.3279145658016205, 0.92408686876297, -0.1963052898645401, 0.3027803897857666, 0.09403005987405777, 0.9484106302261353),
            ["LeftLowerArm"] = CFrame.new(8.940696716308594e-08, 4.172325134277344e-07, 0.000004291534423828125, 1, -1.0430814256778831e-07, 1.4901161193847656e-07, 5.960464477539063e-08, -0.10883203148841858, -0.9940601587295532, 1.043081283569336e-07, 0.994060218334198, -0.10883206129074097),
            ["LowerTorso"] = CFrame.new(0.003122182097285986, -0.2369983196258545, 0.03181098401546478, 0.9995337724685669, -0.030268095433712006, -0.004007451701909304, 0.030511725693941116, 0.9950311183929443, 0.09477447718381882, 0.0011188960634171963, -0.09485256671905518, 0.9954907298088074),
            ["Head"] = CFrame.new(-6.402842700481415e-10, -3.5762786865234375e-07, -5.820766091346741e-10, 0.9762673377990723, -0.026147224009037018, -0.2149846851825714, -0.03297454118728638, 0.9631643295288086, -0.2668844759464264, 0.21404387056827545, 0.26763954758644104, 0.9394436478614807),
            ["RightUpperArm"] = CFrame.new(0, -3.5762786865234375e-07, 2.3283064365386963e-10, 0.5042731761932373, -0.6720744967460632, 0.5422402620315552, 0.35863158106803894, 0.7342029213905334, 0.5764802694320679, -0.7855520844459534, -0.0962391197681427, 0.6112659573554993),
            ["UpperTorso"] = CFrame.new(6.366462912410498e-09, 2.9802322387695312e-08, -1.0415533324703574e-08, 0.9982102513313293, 0.0484401173889637, 0.035070016980171204, -0.04485289379954338, 0.9943018555641174, -0.0967058390378952, -0.03955461457371712, 0.09495977312326431, 0.9946950078010559),
            ["HumanoidRootPart"] = CFrame.new(0, 0, 0, 1, 0, 0, 0, 1, 0, 0, 0, 1),
            ["RightHand"] = CFrame.new(0, 0, -3.241002559661865e-07, 0.700669527053833, 0.16306588053703308, 0.6946018934249878, 0.27769801020622253, 0.8344401121139526, -0.4760185778141022, -0.6572261452674866, 0.5264211893081665, 0.539383590221405),
            ["LeftUpperArm"] = CFrame.new(5.960464477539063e-08, -2.384185791015625e-07, 2.561137080192566e-09, 0.28429749608039856, 0.5295348763465881, -0.7992295026779175, -0.5921173691749573, 0.7526199221611023, 0.2880285084247589, 0.7540372610092163, 0.3913518488407135, 0.5275147557258606),
            ["RightLowerArm"] = CFrame.new(1.4901161193847656e-07, -5.960464477539063e-08, -0.0000041425228118896484, 1, -0.000013902785212849267, 0.000014595689208363183, 0.000013906508684158325, -0.04877374693751335, -0.9988099336624146, 0.000014632940292358398, 0.9988099336624146, -0.048773668706417084),
            ["LeftHand"] = CFrame.new(-8.940696716308594e-08, 5.960464477539063e-08, 1.7881393432617188e-07, 0.7591051459312439, -0.3194318413734436, -0.5672062039375305, 0.4876415729522705, 0.8562514781951904, 0.17040938138961792, 0.4312368631362915, -0.4059518575668335, 0.8057529926300049),
            ["RightUpperLeg"] = CFrame.new(2.9802322387695312e-08, -9.988434612751007e-08, -2.3930624593049288e-08, 0.7719016671180725, -0.5150195360183716, -0.3727237284183502, 0.2863677442073822, 0.8051086068153381, -0.5194165706634521, 0.5675926208496094, 0.2942022979259491, 0.7689496278762817),
            ["LeftUpperLeg"] = CFrame.new(-8.940696716308594e-08, -3.67872416973114e-08, -1.3969838619232178e-08, 0.7434959411621094, 0.5892390012741089, 0.31624603271484375, -0.3402479290962219, 0.7404249310493469, -0.5796570181846619, -0.5757127404212952, 0.3233705461025238, 0.7509902715682983),
            ["RightLowerLeg"] = CFrame.new(-1.2665987014770508e-07, -0.0007262229919433594, 0.000046031382225919515, 1, -1.788140622238643e-07, 1.3038522261865637e-08, 2.9802315282267955e-08, 0.8382046222686768, 0.5453556776046753, -1.6391273049976007e-07, -0.5453558564186096, 0.8382048010826111),
            ["RightFoot"] = CFrame.new(1.0803341865539551e-07, -2.384185791015625e-07, -1.4137185644358397e-08, 0.8989874124526978, 0.3622901737689972, 0.24610401690006256, -0.3311372995376587, 0.9300100803375244, -0.15946687757968903, -0.28665271401405334, 0.0618644542992115, 0.9560350775718689),
            ["LeftLowerLeg"] = CFrame.new(4.470348358154297e-08, -0.0007266998291015625, 0.0000810772180557251, 1, 7.450583439094771e-08, 4.8428795196286956e-08, 5.960463766996327e-08, 0.7871285676956177, 0.6167891025543213, 5.960463766996327e-08, -0.6167889833450317, 0.7871285676956177),
        }},
        {Time = 0.267, Data = {
            ["LeftFoot"] = CFrame.new(4.842877388000488e-08, 0, -1.30385160446167e-08, 0.8952592015266418, -0.3699445128440857, -0.24829795956611633, 0.32387015223503113, 0.9230572581291199, -0.20754213631153107, 0.30597230792045593, 0.10538777709007263, 0.9461894631385803),
            ["LeftLowerArm"] = CFrame.new(-8.940696716308594e-08, 2.384185791015625e-07, 0.000004470348358154297, 1, -6.705523247774181e-08, 6.705522537231445e-08, 7.450580596923828e-08, -0.09899371862411499, -0.9950881004333496, 8.940696716308594e-08, 0.9950881004333496, -0.09899373352527618),
            ["LowerTorso"] = CFrame.new(-0.0015385706210508943, -0.2579113245010376, 0.030021334066987038, 0.9999967813491821, 0.002525557763874531, 0.0002885697758756578, -0.002540982561185956, 0.996334433555603, 0.08550705015659332, -0.00007155900675570592, -0.08550751209259033, 0.9963375329971313),
            ["Head"] = CFrame.new(3.296008799225092e-09, 0, -3.346940502524376e-10, 0.9875723719596863, 0.011717570945620537, -0.1567276120185852, -0.04952891170978546, 0.9696075320243835, -0.23960018157958984, 0.14915674924850464, 0.2443850189447403, 0.9581379294395447),
            ["RightUpperArm"] = CFrame.new(5.960464477539063e-08, -2.384185791015625e-07, -9.313225746154785e-10, 0.4919704794883728, -0.6130725741386414, 0.6181482076644897, 0.3537101149559021, 0.7895269393920898, 0.501534104347229, -0.7955214381217957, -0.028094682842493057, 0.6052739024162292),
            ["UpperTorso"] = CFrame.new(3.129230208287481e-11, -1.1920928955078125e-07, 5.507516220859543e-09, 0.9998841285705566, 0.006176711060106754, 0.013917085714638233, -0.004946925211697817, 0.9962196946144104, -0.08672846108675003, -0.014400171115994453, 0.08664955943822861, 0.9961348176002502),
            ["HumanoidRootPart"] = CFrame.new(0, 0, 0, 1, 0, 0, 0, 1, 0, 0, 0, 1),
            ["RightHand"] = CFrame.new(-1.7881393432617188e-07, 1.1920928955078125e-07, 4.470348358154297e-08, 0.6974346041679382, 0.21119366586208344, 0.6848227977752686, 0.18498171865940094, 0.8701567649841309, -0.4567374289035797, -0.6923632025718689, 0.4452241063117981, 0.5678104162216187),
            ["LeftUpperArm"] = CFrame.new(-5.960464477539063e-08, 1.1920928955078125e-07, -4.656612873077393e-10, 0.2710098624229431, 0.42073357105255127, -0.8657580018043518, -0.6084134578704834, 0.7718425989151001, 0.18464058637619019, 0.7459133863449097, 0.4766994118690491, 0.4651568830013275),
            ["RightLowerArm"] = CFrame.new(-5.960464477539063e-08, -5.960464477539063e-08, -0.0000040531158447265625, 1, -0.000015690922737121582, 0.000012427568435668945, 0.000015725381672382355, 0.23312769830226898, -0.9724462032318115, 0.000012412667274475098, 0.9724462032318115, 0.23312771320343018),
            ["LeftHand"] = CFrame.new(2.980232238769531e-07, 0, 1.4901161193847656e-08, 0.8176302909851074, -0.26834985613822937, -0.5093812942504883, 0.4184110164642334, 0.8846955895423889, 0.20553860068321228, 0.3954910337924957, -0.38118529319763184, 0.8356342315673828),
            ["RightUpperLeg"] = CFrame.new(0, -5.587935447692871e-08, -8.301867637783289e-09, 0.7543312311172485, -0.5725032091140747, -0.3212857246398926, 0.32604628801345825, 0.7514790892601013, -0.5735617876052856, 0.5698054432868958, 0.3279015123844147, 0.7535266876220703),
            ["LeftUpperLeg"] = CFrame.new(0, -2.223532646894455e-08, -5.9371814131736755e-09, 0.7573218941688538, 0.566055953502655, 0.32564452290534973, -0.3205452859401703, 0.7566689848899841, -0.5698270201683044, -0.5689590573310852, 0.327158659696579, 0.7544885277748108),
            ["RightLowerLeg"] = CFrame.new(-2.9802322387695312e-08, -0.0007262229919433594, 0.00004600157990353182, 1, -1.4901175404702371e-07, -9.3132300094112e-08, 5.960465898624534e-08, 0.7710524797439575, 0.6367714405059814, -8.940698847936801e-08, -0.636771559715271, 0.7710525989532471),
            ["RightFoot"] = CFrame.new(1.4901161193847656e-08, 0, -4.1145540308207273e-08, 0.8943828344345093, 0.37165671586990356, 0.24889855086803436, -0.32535362243652344, 0.9223869442939758, -0.2082005888223648, -0.3069598972797394, 0.10523112118244171, 0.9458869695663452),
