return {
    ["Y.M.C.A."] = {
        {Time = 0.000, Data = {
            ["RightFoot"] = CFrame.new(-8.940696716308594e-08, 3.5762786865234375e-07, 1.6560807125642896e-07, 0.8904667496681213, 0.41435137391090393, -0.18810120224952698, -0.455018013715744, 0.8059942126274109, -0.3785914480686188, -0.005261863116174936, 0.42271313071250916, 0.9062485694885254),
            ["LeftLowerArm"] = CFrame.new(-5.960464477539062e-07, 6.556510925292969e-07, -2.9243528842926025e-07, 1, -7.450579886381092e-08, 5.960464477539063e-08, 2.60770232074492e-08, 0.6080154776573181, -0.7939253449440002, 3.80095883656395e-08, 0.7939252257347107, 0.6080153584480286),
            ["RightUpperArm"] = CFrame.new(-1.1920928955078125e-07, -4.76837158203125e-07, -2.2351741790771484e-08, 0.9882980585098267, -0.11161193996667862, -0.10396996885538101, 0.1285601109266281, 0.9763258099555969, 0.17395485937595367, 0.08209314197301865, -0.1852858066558838, 0.9792497158050537),
            ["Head"] = CFrame.new(-5.8964360505342484e-08, 2.384185791015625e-07, -1.7258571460843086e-08, 0.9992840886116028, -0.006432177498936653, 0.03728122264146805, 0.003546855878084898, 0.9970287680625916, 0.07694895565509796, -0.03766542300581932, -0.0767616406083107, 0.9963378310203552),
            ["RightHand"] = CFrame.new(8.953065844252706e-08, -5.960464477539063e-08, -4.190951585769653e-09, 0.9246923923492432, -0.14445224404335022, -0.35224661231040955, 0.21308858692646027, 0.9630972146987915, 0.1644299179315567, 0.3154953420162201, -0.22710663080215454, 0.9213496446609497),
            ["UpperTorso"] = CFrame.new(-9.313225746154785e-10, 1.7881393432617188e-07, 4.372850526124239e-09, 0.9995080232620239, 0.005971759557723999, 0.030793190002441406, -0.009026418440043926, 0.9949429035186768, 0.1000356674194336, -0.030040094628930092, -0.10026442259550095, 0.9945072531700134),
            ["HumanoidRootPart"] = CFrame.new(0, 0, 0, 1, 0, 0, 0, 1, 0, 0, 0, 1),
            ["RightUpperLeg"] = CFrame.new(-2.9802322387695312e-08, -5.603069439530373e-07, 1.5068508218973875e-08, 0.7057098746299744, -0.662354588508606, -0.2515152096748352, 0.417752206325531, 0.675726056098938, -0.6073528528213501, 0.5722384452819824, 0.32354414463043213, 0.7535667419433594),
            ["LeftUpperArm"] = CFrame.new(-2.384185791015625e-07, -5.960464477539062e-07, -2.2351741790771484e-08, 0.7741413116455078, 0.09328211098909378, -0.6261021494865417, -0.16930411756038666, 0.9835612773895264, -0.06279587000608444, 0.6099519729614258, 0.15461450815200806, 0.7772083878517151),
            ["RightLowerArm"] = CFrame.new(1.1920928955078125e-07, -8.344650268554688e-07, 2.4959444999694824e-07, 1, -3.3675856769832535e-08, 3.841706064378059e-09, 4.656611762854368e-10, 0.9665560722351074, -0.25645577907562256, 8.149070751528598e-09, 0.256455659866333, 0.9665560126304626),
            ["LeftHand"] = CFrame.new(1.7881393432617188e-07, 5.960464477539063e-08, -1.1920928955078125e-07, 0.6956970691680908, -0.4636176824569702, -0.5486934185028076, 0.5367663502693176, 0.8431304097175598, -0.03182709962129593, 0.4773756265640259, -0.2723780870437622, 0.835417628288269),
            ["LeftFoot"] = CFrame.new(1.2665987014770508e-07, -5.960464477539063e-08, -1.4901161193847656e-08, 0.875613272190094, -0.4573068618774414, 0.15547269582748413, 0.48203378915786743, 0.8068487644195557, -0.3415243625640869, 0.030738549306988716, 0.37398624420166016, 0.9269246459007263),
            ["LowerTorso"] = CFrame.new(0.003683612681925297, -0.436734676361084, -0.05136917904019356, 0.999215841293335, -0.006265623029321432, 0.03909620642662048, 0.0068281106650829315, 0.9998749494552612, -0.014270368032157421, -0.03900190070271492, 0.014526131562888622, 0.9991335868835449),
            ["RightLowerLeg"] = CFrame.new(0, -0.00012236833572387695, -0.00007733533129794523, 1, -6.89178563106907e-08, -8.940698847936801e-08, 2.3841855067985307e-07, 0.3322676122188568, 0.9431850910186768, -2.533197118737007e-07, -0.9431852102279663, 0.3322678506374359),
            ["LeftUpperLeg"] = CFrame.new(8.940696716308594e-08, -3.0643423087894917e-07, 2.2351741790771484e-08, 0.7981572151184082, 0.6011778116226196, 0.039118073880672455, -0.4682254195213318, 0.6598795056343079, -0.5876427888870239, -0.3790910840034485, 0.4507152736186981, 0.8081743717193604),
            ["LeftLowerLeg"] = CFrame.new(1.043081283569336e-07, 0.00012254714965820312, 0.00007730722427368164, 1, 8.940696716308594e-08, 1.341104365337742e-07, -1.4901159417490817e-08, 0.3875759243965149, 0.9218376874923706, 8.568166975919667e-08, -0.9218378663063049, 0.38757601380348206),
        }},
        {Time = 0.033, Data = {
            ["RightFoot"] = CFrame.new(-8.940696716308594e-08, 3.5762786865234375e-07, 1.6560807125642896e-07, 0.8904667496681213, 0.41435137391090393, -0.18810120224952698, -0.455018013715744, 0.8059942126274109, -0.3785914480686188, -0.005261863116174936, 0.42271313071250916, 0.9062485694885254),
            ["LeftLowerArm"] = CFrame.new(-5.960464477539062e-07, 6.556510925292969e-07, -2.9243528842926025e-07, 1, -7.450579886381092e-08, 5.960464477539063e-08, 2.60770232074492e-08, 0.6080154776573181, -0.7939253449440002, 3.80095883656395e-08, 0.7939252257347107, 0.6080153584480286),
            ["RightUpperArm"] = CFrame.new(-1.1920928955078125e-07, -4.76837158203125e-07, -2.2351741790771484e-08, 0.9882980585098267, -0.11161193996667862, -0.10396996885538101, 0.1285601109266281, 0.9763258099555969, 0.17395485937595367, 0.08209314197301865, -0.1852858066558838, 0.9792497158050537),
            ["Head"] = CFrame.new(-5.8964360505342484e-08, 2.384185791015625e-07, -1.7258571460843086e-08, 0.9992840886116028, -0.006432177498936653, 0.03728122264146805, 0.003546855878084898, 0.9970287680625916, 0.07694895565509796, -0.03766542300581932, -0.0767616406083107, 0.9963378310203552),
            ["RightHand"] = CFrame.new(8.953065844252706e-08, -5.960464477539063e-08, -4.190951585769653e-09, 0.9246923923492432, -0.14445224404335022, -0.35224661231040955, 0.21308858692646027, 0.9630972146987915, 0.1644299179315567, 0.3154953420162201, -0.22710663080215454, 0.9213496446609497),
            ["UpperTorso"] = CFrame.new(-9.313225746154785e-10, 1.7881393432617188e-07, 4.372850526124239e-09, 0.9995080232620239, 0.005971759557723999, 0.030793190002441406, -0.009026418440043926, 0.9949429035186768, 0.1000356674194336, -0.030040094628930092, -0.10026442259550095, 0.9945072531700134),
            ["HumanoidRootPart"] = CFrame.new(0, 0, 0, 1, 0, 0, 0, 1, 0, 0, 0, 1),
            ["RightUpperLeg"] = CFrame.new(-2.9802322387695312e-08, -5.603069439530373e-07, 1.5068508218973875e-08, 0.7057098746299744, -0.662354588508606, -0.2515152096748352, 0.417752206325531, 0.675726056098938, -0.6073528528213501, 0.5722384452819824, 0.32354414463043213, 0.7535667419433594),
            ["LeftUpperArm"] = CFrame.new(-2.384185791015625e-07, -5.960464477539062e-07, -2.2351741790771484e-08, 0.7741413116455078, 0.09328211098909378, -0.6261021494865417, -0.16930411756038666, 0.9835612773895264, -0.06279587000608444, 0.6099519729614258, 0.15461450815200806, 0.7772083878517151),
            ["RightLowerArm"] = CFrame.new(1.1920928955078125e-07, -8.344650268554688e-07, 2.4959444999694824e-07, 1, -3.3675856769832535e-08, 3.841706064378059e-09, 4.656611762854368e-10, 0.9665560722351074, -0.25645577907562256, 8.149070751528598e-09, 0.256455659866333, 0.9665560126304626),
            ["LeftHand"] = CFrame.new(1.7881393432617188e-07, 5.960464477539063e-08, -1.1920928955078125e-07, 0.6956970691680908, -0.4636176824569702, -0.5486934185028076, 0.5367663502693176, 0.8431304097175598, -0.03182709962129593, 0.4773756265640259, -0.2723780870437622, 0.835417628288269),
            ["LeftFoot"] = CFrame.new(1.2665987014770508e-07, -5.960464477539063e-08, -1.4901161193847656e-08, 0.875613272190094, -0.4573068618774414, 0.15547269582748413, 0.48203378915786743, 0.8068487644195557, -0.3415243625640869, 0.030738549306988716, 0.37398624420166016, 0.9269246459007263),
            ["LowerTorso"] = CFrame.new(0.003683612681925297, -0.436734676361084, -0.05136917904019356, 0.999215841293335, -0.006265623029321432, 0.03909620642662048, 0.0068281106650829315, 0.9998749494552612, -0.014270368032157421, -0.03900190070271492, 0.014526131562888622, 0.9991335868835449),
            ["RightLowerLeg"] = CFrame.new(0, -0.00012236833572387695, -0.00007733533129794523, 1, -6.89178563106907e-08, -8.940698847936801e-08, 2.3841855067985307e-07, 0.3322676122188568, 0.9431850910186768, -2.533197118737007e-07, -0.9431852102279663, 0.3322678506374359),
            ["LeftUpperLeg"] = CFrame.new(8.940696716308594e-08, -3.0643423087894917e-07, 2.2351741790771484e-08, 0.7981572151184082, 0.6011778116226196, 0.039118073880672455, -0.4682254195213318, 0.6598795056343079, -0.5876427888870239, -0.3790910840034485, 0.4507152736186981, 0.8081743717193604),
            ["LeftLowerLeg"] = CFrame.new(1.043081283569336e-07, 0.00012254714965820312, 0.00007730722427368164, 1, 8.940696716308594e-08, 1.341104365337742e-07, -1.4901159417490817e-08, 0.3875759243965149, 0.9218376874923706, 8.568166975919667e-08, -0.9218378663063049, 0.38757601380348206),
        }},
        {Time = 0.067, Data = {
            ["RightFoot"] = CFrame.new(2.9802322387695312e-08, 4.172325134277344e-07, -3.55576048605144e-08, 0.8904880881309509, 0.4147425889968872, -0.18713462352752686, -0.4549468159675598, 0.8049193620681763, -0.3809565007686615, -0.007370644714683294, 0.4243741035461426, 0.9054572582244873),
            ["LeftLowerArm"] = CFrame.new(-3.8743019104003906e-07, 3.5762786865234375e-07, -2.551823854446411e-07, 1, -1.2665981330428622e-07, -2.980232594040899e-08, 7.823107495141812e-08, 0.6064038276672363, -0.7951565980911255, -4.406318865335379e-08, 0.7951568961143494, 0.6064041256904602),
            ["RightUpperArm"] = CFrame.new(-1.7881393432617188e-07, 2.384185791015625e-07, 1.4901161193847656e-08, 0.988340437412262, -0.11172129213809967, -0.10344906151294708, 0.12859398126602173, 0.976271390914917, 0.1742350310087204, 0.08152847737073898, -0.1855064481496811, 0.9792550802230835),
            ["Head"] = CFrame.new(-5.774199962615967e-08, 3.5762786865234375e-07, -4.839967004954815e-08, 0.9992687702178955, -0.0065210857428610325, 0.0376761332154274, 0.0034400345757603645, 0.9966862201690674, 0.0812705010175705, -0.038081251084804535, -0.08108145743608475, 0.9959797263145447),
            ["RightHand"] = CFrame.new(-6.463233148679137e-08, 5.960464477539063e-08, -2.7939677238464355e-09, 0.9245400428771973, -0.14396201074123383, -0.3528463840484619, 0.2128591537475586, 0.9630846381187439, 0.16479997336864471, 0.31609633564949036, -0.2274710088968277, 0.921053946018219),
            ["UpperTorso"] = CFrame.new(-1.280568540096283e-09, 3.2782554626464844e-07, 1.442094799131155e-08, 0.9995108246803284, 0.004857569467276335, 0.030897673219442368, -0.007903208024799824, 0.9950334429740906, 0.09922751039266586, -0.030262215062975883, -0.09942317008972168, 0.9945850372314453),
            ["HumanoidRootPart"] = CFrame.new(0, 0, 0, 1, 0, 0, 0, 1, 0, 0, 0, 1),
            ["RightUpperLeg"] = CFrame.new(5.960464477539063e-08, -1.9837170839309692e-07, 1.879379851743579e-08, 0.7051112651824951, -0.6633447408676147, -0.2505825459957123, 0.41829973459243774, 0.6744584441184998, -0.6083845496177673, 0.572576105594635, 0.32416006922721863, 0.7530449032783508),
            ["LeftUpperArm"] = CFrame.new(5.960464477539063e-08, -3.5762786865234375e-07, 0, 0.773568332195282, 0.09481018781661987, -0.6265806555747986, -0.16970913112163544, 0.9836239814758301, -0.060684990137815475, 0.6105660796165466, 0.1532803773880005, 0.7769904732704163),
            ["RightLowerArm"] = CFrame.new(1.7881393432617188e-07, -5.364418029785156e-07, 1.341104507446289e-07, 1, -4.497676897585734e-08, 9.837092029840733e-09, 3.338208998115988e-08, 0.9665383100509644, -0.25652220845222473, 4.307366463507378e-09, 0.2565223276615143, 0.9665383100509644),
            ["LeftHand"] = CFrame.new(3.8743019104003906e-07, 2.384185791015625e-07, 0, 0.6959775686264038, -0.4633602201938629, -0.5485548973083496, 0.5370465517044067, 0.8429939150810242, -0.030694270506501198, 0.47665107250213623, -0.273237407207489, 0.8355510234832764),
            ["LeftFoot"] = CFrame.new(2.9802322387695312e-08, 5.960464477539063e-08, -7.450580596923828e-08, 0.8759078979492188, -0.4576388895511627, 0.15281544625759125, 0.48133307695388794, 0.8070275187492371, -0.3420887887477875, 0.0332266241312027, 0.3731933832168579, 0.9271584749221802),
            ["LowerTorso"] = CFrame.new(0.0037095057778060436, -0.43848490715026855, -0.0513596311211586, 0.9992262125015259, -0.006002386100590229, 0.038872454315423965, 0.006558658089488745, 0.9998777508735657, -0.014198518358170986, -0.038782473653554916, 0.014442482963204384, 0.9991433024406433),
            ["RightLowerLeg"] = CFrame.new(4.470348358154297e-08, -0.0001227855682373047, -0.00007746944174868986, 1, -2.4680039345525984e-08, -1.7881397695873602e-07, 1.0430811414607888e-07, 0.32878029346466064, 0.944406270980835, -2.0861622829215776e-07, -0.9444063901901245, 0.3287809193134308),
            ["LeftUpperLeg"] = CFrame.new(-1.7881393432617188e-07, 6.315531209111214e-08, 1.862645149230957e-08, 0.7968950867652893, 0.6028202176094055, 0.03957366198301315, -0.4683409035205841, 0.657841682434082, -0.5898315906524658, -0.38159558176994324, 0.4514998495578766, 0.8065560460090637),
            ["LeftLowerLeg"] = CFrame.new(-1.6391277313232422e-07, 0.0001227855682373047, 0.00007752329111099243, 1, 2.0861622829215776e-07, 1.3411046495548362e-07, -2.9802322387695312e-08, 0.38526493310928345, 0.9228060841560364, 2.60770320892334e-08, -0.9228059649467468, 0.385265052318573),
        }},
        {Time = 0.100, Data = {
            ["RightFoot"] = CFrame.new(1.1175870895385742e-07, 3.5762786865234375e-07, 5.3849362302571535e-08, 0.8904476761817932, 0.41547977924346924, -0.18568602204322815, -0.45498234033584595, 0.8040792942047119, -0.3826848864555359, -0.009692353196442127, 0.42524486780166626, 0.9050265550613403),
            ["LeftLowerArm"] = CFrame.new(-6.258487701416016e-07, 2.980232238769531e-07, -2.477318048477173e-07, 1, -6.705520405603238e-08, 0, 8.19563368281706e-08, 0.6039121150970459, -0.7970507144927979, -1.8160779546860795e-08, 0.797050952911377, 0.6039124131202698),
            ["RightUpperArm"] = CFrame.new(-2.980232238769531e-07, 3.5762786865234375e-07, 5.21540641784668e-08, 0.9882661700248718, -0.11288437247276306, -0.10289350897073746, 0.1295219510793686, 0.9764005541801453, 0.17281793057918549, 0.0809568241238594, -0.18411710858345032, 0.9795646667480469),
            ["Head"] = CFrame.new(-5.774199962615967e-08, 8.344650268554688e-07, 3.576860763132572e-08, 0.999238908290863, -0.007401796989142895, 0.038299981504678726, 0.004040492232888937, 0.9961907863616943, 0.08710668981075287, -0.03879883885383606, -0.08688562363386154, 0.9954624772071838),
            ["RightHand"] = CFrame.new(-3.126115188933909e-08, 1.1920928955078125e-07, -2.7939677238464355e-09, 0.9248251914978027, -0.14264942705631256, -0.3526325821876526, 0.21169047057628632, 0.9632152318954468, 0.16553983092308044, 0.3160467743873596, -0.22774459421634674, 0.9210032224655151),
            ["UpperTorso"] = CFrame.new(-6.28642737865448e-09, -8.940696716308594e-08, 1.9925209926441312e-08, 0.9995197653770447, 0.0045993272215127945, 0.03064591810107231, -0.00765290018171072, 0.9949297308921814, 0.10028162598609924, -0.030029309913516045, -0.10046800225973129, 0.9944870471954346),
            ["HumanoidRootPart"] = CFrame.new(0, 0, 0, 1, 0, 0, 0, 1, 0, 0, 0, 1),
            ["RightUpperLeg"] = CFrame.new(-2.9802322387695312e-08, -1.448206603527069e-07, 4.1145540308207273e-08, 0.7035812139511108, -0.6655561923980713, -0.24901409447193146, 0.41955116391181946, 0.6718860268592834, -0.6103658676147461, 0.5735419988632202, 0.3249680697917938, 0.7519611716270447),
            ["LeftUpperArm"] = CFrame.new(-2.384185791015625e-07, 1.1920928955078125e-07, 1.4901161193847656e-08, 0.7733632922172546, 0.09529193490743637, -0.6267603635787964, -0.16934765875339508, 0.9837654232978821, -0.05938854068517685, 0.61092609167099, 0.15206918120384216, 0.7769455909729004),
            ["RightLowerArm"] = CFrame.new(1.7881393432617188e-07, -5.364418029785156e-07, 1.3783574104309082e-07, 1, -2.305409019243143e-08, 9.895301245066435e-10, 2.552405575784178e-08, 0.9665560722351074, -0.2564553916454315, 1.1757945728163577e-08, 0.25645560026168823, 0.9665561318397522),
            ["LeftHand"] = CFrame.new(3.5762786865234375e-07, 0, 1.1920928955078125e-07, 0.6959002614021301, -0.46307873725891113, -0.5488907694816589, 0.5376695394515991, 0.8426485061645508, -0.029237275943160057, 0.4760613441467285, -0.27477577328681946, 0.8353825807571411),
            ["LeftFoot"] = CFrame.new(-1.1548399925231934e-07, -5.960464477539063e-08, 3.725290298461914e-08, 0.8762967586517334, -0.45789143443107605, 0.14979968965053558, 0.4803749918937683, 0.8067852258682251, -0.344001829624176, 0.03665998578071594, 0.3734075427055359, 0.926942765712738),
            ["LowerTorso"] = CFrame.new(0.00374015630222857, -0.4411041736602783, -0.0513995923101902, 0.9992190003395081, -0.005602399818599224, 0.039116401225328445, 0.006176917348057032, 0.9998745918273926, -0.014582003466784954, -0.0390298031270504, 0.014812231995165348, 0.9991283416748047),
            ["RightLowerLeg"] = CFrame.new(-1.6391277313232422e-07, -0.00012254714965820312, -0.00007735023245913908, 1, -2.0163126634997752e-07, -1.4901162970204496e-08, 1.4901159772762185e-07, 0.32418933510780334, 0.9459919929504395, -1.4901159772762185e-07, -0.9459921717643738, 0.3241899907588959),
            ["LeftUpperLeg"] = CFrame.new(2.9802322387695312e-08, -2.1074083633720875e-07, 2.421438694000244e-08, 0.7956180572509766, 0.604489803314209, 0.03979199379682541, -0.46846550703048706, 0.6555719375610352, -0.5922549366950989, -0.3840988278388977, 0.4525676369667053, 0.8047675490379333),
            ["LeftLowerLeg"] = CFrame.new(0, 0.00012254714965820312, 0.00007720291614532471, 1, 1.4901154088420299e-07, -2.9802308176840597e-08, -8.940695295223122e-08, 0.38099366426467896, 0.9245777130126953, 4.470347647611561e-08, -0.9245777130126953, 0.3809936046600342),
        }},
        {Time = 0.133, Data = {
            ["RightFoot"] = CFrame.new(3.725290298461914e-08, 4.76837158203125e-07, -1.3205863069742918e-08, 0.890447735786438, 0.41613128781318665, -0.18422050774097443, -0.45493727922439575, 0.8036238551139832, -0.3836938738822937, -0.011623267084360123, 0.4254686236381531, 0.9048988223075867),
            ["LeftLowerArm"] = CFrame.new(-3.8743019104003906e-07, 1.7881393432617188e-07, -2.3096799850463867e-07, 1, -1.5646212148112681e-07, -5.96046660916727e-08, 4.842877388000488e-08, 0.6021847128868103, -0.7983564138412476, 3.4226104617118835e-08, 0.7983567714691162, 0.6021852493286133),
            ["RightUpperArm"] = CFrame.new(-2.384185791015625e-07, -2.384185791015625e-07, -7.450580596923828e-09, 0.9881404638290405, -0.1141592487692833, -0.10269443690776825, 0.13068470358848572, 0.9763738512992859, 0.1720917969942093, 0.08062222599983215, -0.18347160518169403, 0.9797133803367615),
            ["Head"] = CFrame.new(-6.356276571750641e-08, 7.152557373046875e-07, 1.8277205526828766e-08, 0.999198317527771, -0.008209598250687122, 0.039184682071208954, 0.004587065894156694, 0.9957800507545471, 0.09165745228528976, -0.039771780371665955, -0.09140419214963913, 0.9950193762779236),
            ["RightHand"] = CFrame.new(-1.8750506569631398e-07, -4.76837158203125e-07, 1.0477378964424133e-09, 0.9256229400634766, -0.14106601476669312, -0.35117289423942566, 0.21009822189807892, 0.9633462429046631, 0.1668015867471695, 0.3147711753845215, -0.22817640006542206, 0.9213331937789917),
            ["UpperTorso"] = CFrame.new(-3.958120942115784e-09, 4.76837158203125e-07, -7.777998689562082e-09, 0.9995403289794922, 0.004549420438706875, 0.029974309727549553, -0.00758486008271575, 0.9947609901428223, 0.10194692760705948, -0.02935347519814968, -0.10212743282318115, 0.9943381547927856),
            ["HumanoidRootPart"] = CFrame.new(0, 0, 0, 1, 0, 0, 0, 1, 0, 0, 0, 1),
            ["RightUpperLeg"] = CFrame.new(-2.9802322387695312e-08, 4.7299545258283615e-07, -5.420588422566652e-09, 0.7019945383071899, -0.667644739151001, -0.24789835512638092, 0.42084044218063354, 0.6696889400482178, -0.6118914484977722, 0.5745406150817871, 0.32521891593933105, 0.7510894536972046),
            ["LeftUpperArm"] = CFrame.new(-1.1920928955078125e-07, -2.384185791015625e-07, 2.2351741790771484e-08, 0.7739890217781067, 0.09553118050098419, -0.6259515881538391, -0.16911663115024567, 0.9838307499885559, -0.0589628703892231, 0.6101972460746765, 0.15149539709091187, 0.7776298522949219),
            ["RightLowerArm"] = CFrame.new(1.7881393432617188e-07, -2.980232238769531e-07, 2.421438694000244e-07, 1, -1.0216464119139346e-08, 2.852174940670693e-09, 4.7977653849784474e-08, 0.9661220908164978, -0.25808554887771606, 6.868502211432315e-09, 0.25808560848236084, 0.9661221504211426),
            ["LeftHand"] = CFrame.new(1.7881393432617188e-07, 1.7881393432617188e-07, 0, 0.6952056884765625, -0.46324318647384644, -0.5496318936347961, 0.5386162400245667, 0.8420706391334534, -0.02844519540667534, 0.4760059118270874, -0.276265949010849, 0.8349226117134094),
            ["LeftFoot"] = CFrame.new(-1.2293457984924316e-07, 0, 9.685754776000977e-08, 0.8766165971755981, -0.45814985036849976, 0.14711327850818634, 0.4795348346233368, 0.8064405918121338, -0.34597691893577576, 0.0398709811270237, 0.3738346993923187, 0.9266378283500671),
            ["LowerTorso"] = CFrame.new(0.003858115989714861, -0.4433412551879883, -0.05154898017644882, 0.9992030262947083, -0.005349507089704275, 0.03955819830298424, 0.005961861927062273, 0.9998639822006226, -0.015378115698695183, -0.039470553398132324, 0.015601697377860546, 0.9990990161895752),
            ["RightLowerLeg"] = CFrame.new(-7.450580596923828e-08, -0.0001226663589477539, -0.00007742473826510832, 1, -1.4202667841800576e-07, -1.7881399116959074e-07, -2.980232949312267e-08, 0.32054632902145386, 0.9472326636314392, -1.9371513815258368e-07, -0.9472329020500183, 0.3205471634864807),
            ["LeftUpperLeg"] = CFrame.new(-5.960464477539063e-08, 2.1141022443771362e-07, -3.725290298461914e-09, 0.7944956421852112, 0.6059580445289612, 0.03989250957965851, -0.46888527274131775, 0.6538664698600769, -0.5938063263893127, -0.38590604066848755, 0.45307132601737976, 0.8036184310913086),
            ["LeftLowerLeg"] = CFrame.new(2.384185791015625e-07, 0.00012260675430297852, 0.00007767230272293091, 1, 1.4901162614933128e-07, 1.4901159417490817e-08, -8.940698137394065e-08, 0.37721937894821167, 0.9261239767074585, 0, -0.9261240363121033, 0.3772193193435669),
        }},
        {Time = 0.167, Data = {
            ["RightFoot"] = CFrame.new(2.9802322387695312e-08, 2.980232238769531e-07, -1.3205863069742918e-08, 0.8905410170555115, 0.4163704216480255, -0.18322744965553284, -0.45471858978271484, 0.8033093214035034, -0.38461053371429443, -0.012952115386724472, 0.42582860589027405, 0.9047113060951233),
            ["LeftLowerArm"] = CFrame.new(-4.172325134277344e-07, 6.556510925292969e-07, -2.5704503059387207e-07, 1, -8.195639367158947e-08, 3.725289587919178e-08, 7.450579886381092e-08, 0.6020464897155762, -0.7984611988067627, -3.2479871237001134e-08, 0.7984610795974731, 0.6020464301109314),
            ["RightUpperArm"] = CFrame.new(-2.384185791015625e-07, -2.384185791015625e-07, 2.2351741790771484e-08, 0.9880774021148682, -0.11454169452190399, -0.1028757318854332, 0.13122208416461945, 0.9760310053825378, 0.17362050712108612, 0.0805230364203453, -0.1850505769252777, 0.9794245958328247),
            ["Head"] = CFrame.new(-5.925539880990982e-08, 0, -3.905734047293663e-08, 0.9991627335548401, -0.008199951611459255, 0.040082890540361404, 0.0044206553138792515, 0.9956111907958984, 0.0934816226363182, -0.04067352041602135, -0.09322621673345566, 0.994813859462738),
            ["RightHand"] = CFrame.new(-6.649861461482942e-08, 0, -4.0745362639427185e-09, 0.9264798760414124, -0.13999934494495392, -0.34933552145957947, 0.208986297249794, 0.9633476138114929, 0.16818632185459137, 0.3129854202270508, -0.22882689535617828, 0.9217798709869385),
            ["UpperTorso"] = CFrame.new(-4.540197551250458e-09, -3.8743019104003906e-07, 1.1568772606551647e-09, 0.9995648264884949, 0.0039027861785143614, 0.02924290858209133, -0.0068805827759206295, 0.9947161674499512, 0.1024324893951416, -0.02868860401213169, -0.10258910804986954, 0.9943100810050964),
            ["HumanoidRootPart"] = CFrame.new(0, 0, 0, 1, 0, 0, 0, 1, 0, 0, 0, 1),
            ["RightUpperLeg"] = CFrame.new(1.1920928955078125e-07, -2.484302967786789e-07, 1.3205863069742918e-08, 0.7012559175491333, -0.6684436798095703, -0.2478366494178772, 0.42149022221565247, 0.6691156625747681, -0.6120707988739014, 0.5749661922454834, 0.3247574269771576, 0.7509637475013733),
            ["LeftUpperArm"] = CFrame.new(-2.384185791015625e-07, -5.960464477539062e-07, -4.470348358154297e-08, 0.7750555276870728, 0.09651099145412445, -0.6244791150093079, -0.16973304748535156, 0.9837448000907898, -0.05862567201256752, 0.6086703538894653, 0.15143288671970367, 0.7788381576538086),
            ["RightLowerArm"] = CFrame.new(2.384185791015625e-07, -0.000001430511474609375, 2.123415470123291e-07, 1, -3.243166446509349e-08, 1.3969836842875338e-08, 3.4342506616269475e-09, 0.9652232527732849, -0.26142755150794983, 4.3073655753289586e-09, 0.26142704486846924, 0.9652231335639954),
            ["LeftHand"] = CFrame.new(2.384185791015625e-07, 2.384185791015625e-07, 5.960464477539063e-08, 0.6942573189735413, -0.4638633131980896, -0.5503065586090088, 0.5395454168319702, 0.8414705395698547, -0.028609806671738625, 0.47633782029151917, -0.27705270051956177, 0.8344724774360657),
            ["LeftFoot"] = CFrame.new(-1.7136335372924805e-07, 0, 5.21540641784668e-08, 0.8767787218093872, -0.4584784209728241, 0.1451093554496765, 0.4790612757205963, 0.8064042329788208, -0.34671705961227417, 0.041945282369852066, 0.37351009249687195, 0.9266772270202637),
            ["LowerTorso"] = CFrame.new(0.004056631121784449, -0.4443650245666504, -0.05175064504146576, 0.9991952776908875, -0.0053701093420386314, 0.03975021466612816, 0.006015390157699585, 0.9998518824577332, -0.016131646931171417, -0.03965769708156586, 0.016357779502868652, 0.9990794658660889),
            ["RightLowerLeg"] = CFrame.new(4.470348358154297e-08, -0.00012236833572387695, -0.00007730552897555754, 1, -1.0803338312825872e-07, -1.0430814256778831e-07, 1.9371512394172896e-07, 0.31887897849082947, 0.9477953910827637, -2.2351744632942427e-07, -0.9477953910827637, 0.31887927651405334),
            ["LeftUpperLeg"] = CFrame.new(0, -1.525040715932846e-07, 7.450580596923828e-09, 0.7935481667518616, 0.6071849465370178, 0.040095794945955276, -0.46956518292427063, 0.6529334187507629, -0.5942955017089844, -0.38702714443206787, 0.4527742564678192, 0.8032467365264893),
            ["LeftLowerLeg"] = CFrame.new(-1.043081283569336e-07, 0.0001227259635925293, 0.00007746368646621704, 1, 1.6391277313232422e-07, 1.3411042232291948e-07, -8.940698137394065e-08, 0.37580883502960205, 0.9266970157623291, 5.2154071283894154e-08, -0.9266972541809082, 0.37580934166908264),
        }},
        {Time = 0.200, Data = {
            ["RightFoot"] = CFrame.new(-7.450580596923828e-09, 2.384185791015625e-07, -6.535992724820971e-08, 0.8903334736824036, 0.41620227694511414, -0.18461251258850098, -0.4551595449447632, 0.803199827671051, -0.3843171298503876, -0.011672541499137878, 0.4261991083621979, 0.9045543670654297),
            ["LeftLowerArm"] = CFrame.new(-4.172325134277344e-07, 9.5367431640625e-07, -2.7567148208618164e-07, 1, -4.470347292340193e-08, 4.4703469370688254e-08, 8.195636524988004e-08, 0.6028237342834473, -0.7978744506835938, -9.383072807622739e-08, 0.797874391078949, 0.6028236150741577),
            ["RightUpperArm"] = CFrame.new(-5.960464477539063e-08, -5.960464477539062e-07, -1.4901161193847656e-08, 0.9879259467124939, -0.11521609872579575, -0.10357396304607391, 0.13213719427585602, 0.9756516218185425, 0.17505350708961487, 0.08088306337594986, -0.1866261214017868, 0.9790958762168884),
            ["Head"] = CFrame.new(-6.216578185558319e-08, -2.384185791015625e-07, 2.0314473658800125e-08, 0.9991856813430786, -0.00898890569806099, 0.039335887879133224, 0.005409256089478731, 0.9959108233451843, 0.09017976373434067, -0.039985667914152145, -0.08989353477954865, 0.9951483607292175),
            ["RightHand"] = CFrame.new(-1.4035686035640538e-07, -1.1920928955078125e-07, 5.471520125865936e-09, 0.9257826209068298, -0.13845206797122955, -0.3517920672893524, 0.20821928977966309, 0.9634072184562683, 0.1687934547662735, 0.3155491352081299, -0.22951586544513702, 0.9207340478897095),
            ["UpperTorso"] = CFrame.new(-3.841705620288849e-09, -2.086162567138672e-07, -3.5797711461782455e-09, 0.999566376209259, 0.005110044963657856, 0.02900172770023346, -0.008078581653535366, 0.9946296811103821, 0.10318268090486526, -0.028318701311945915, -0.1033722460269928, 0.9942395091056824),
            ["HumanoidRootPart"] = CFrame.new(0, 0, 0, 1, 0, 0, 0, 1, 0, 0, 0, 1),
            ["RightUpperLeg"] = CFrame.new(1.1920928955078125e-07, 7.601920515298843e-08, 1.5068508218973875e-08, 0.7018048763275146, -0.6676652431488037, -0.24838170409202576, 0.42118215560913086, 0.6700971126556396, -0.6112084984779358, 0.5745221376419067, 0.3243347108364105, 0.7514856457710266),
            ["LeftUpperArm"] = CFrame.new(5.960464477539063e-08, -3.5762786865234375e-07, 0, 0.7758275866508484, 0.09464436024427414, -0.6238058805465698, -0.16893839836120605, 0.9837462902069092, -0.06085400655865669, 0.6079072952270508, 0.15259702503681183, 0.7792066335678101),
            ["RightLowerArm"] = CFrame.new(5.960464477539063e-08, -8.344650268554688e-07, 3.688037395477295e-07, 1, -1.714965769394894e-08, -7.159542292356491e-09, 1.4289978977899409e-08, 0.9643329977989197, -0.2646919786930084, 2.444721536321026e-09, 0.26469191908836365, 0.9643329977989197),
            ["LeftHand"] = CFrame.new(8.940696716308594e-08, 0, 1.7881393432617188e-07, 0.6929907202720642, -0.46521449089050293, -0.5507624745368958, 0.5405430197715759, 0.8407796025276184, -0.030052125453948975, 0.4770504832267761, -0.276885062456131, 0.8341208696365356),
            ["LeftFoot"] = CFrame.new(8.940696716308594e-08, -1.1920928955078125e-07, 2.9802322387695312e-08, 0.8767329454421997, -0.4583968222141266, 0.14564286172389984, 0.47921162843704224, 0.8065789341926575, -0.3461017906665802, 0.04117919132113457, 0.37323272228240967, 0.9268234968185425),
            ["LowerTorso"] = CFrame.new(0.004283239133656025, -0.4439816474914551, -0.05146922543644905, 0.9991699457168579, -0.005640515126287937, 0.040345434099435806, 0.006300562527030706, 0.9998481869697571, -0.016251521185040474, -0.040247637778520584, 0.01649223081767559, 0.9990536570549011),
            ["RightLowerLeg"] = CFrame.new(2.9802322387695312e-08, -0.00012218952178955078, -0.00007726082549197599, 1, -2.6635825634002686e-07, -1.192093321833454e-07, 2.086162567138672e-07, 0.3195536732673645, 0.9475679397583008, -1.9371509552001953e-07, -0.9475682377815247, 0.3195544481277466),
            ["LeftUpperLeg"] = CFrame.new(-5.960464477539063e-08, 2.608867362141609e-07, 0, 0.7939115166664124, 0.6067737340927124, 0.039118073880672455, -0.46974483132362366, 0.6529257297515869, -0.5941616892814636, -0.38606253266334534, 0.45333611965179443, 0.8033939599990845),
            ["LeftLowerLeg"] = CFrame.new(1.043081283569336e-07, 0.00012230873107910156, 0.00007735937833786011, 1, 1.192092469182171e-07, 5.960463056453591e-08, -5.960464477539063e-08, 0.37625041604042053, 0.9265179634094238, 5.587935447692871e-08, -0.9265180230140686, 0.3762505352497101),
        }},
        {Time = 0.233, Data = {
            ["RightFoot"] = CFrame.new(4.470348358154297e-08, 3.5762786865234375e-07, -1.4731631381437182e-07, 0.8902775049209595, 0.4158000349998474, -0.1857856810092926, -0.45531558990478516, 0.8039746284484863, -0.382508248090744, -0.009680282324552536, 0.42512956261634827, 0.9050806760787964),
            ["LeftLowerArm"] = CFrame.new(-5.066394805908203e-07, 2.384185791015625e-07, -3.4086406230926514e-07, 1, -1.1175869474300271e-07, -1.4901155864777138e-08, 3.725289587919178e-08, 0.604008138179779, -0.7969781756401062, 5.913896927722817e-08, 0.7969781756401062, 0.6040080785751343),
            ["RightUpperArm"] = CFrame.new(-1.7881393432617188e-07, -3.5762786865234375e-07, -1.4901161193847656e-08, 0.9879560470581055, -0.11431385576725006, -0.10428439825773239, 0.13156546652317047, 0.9753264784812927, 0.17728155851364136, 0.08144563436508179, -0.18886680901050568, 0.9786194562911987),
            ["Head"] = CFrame.new(-5.762558430433273e-08, -3.5762786865234375e-07, -1.4872057363390923e-08, 0.9992486834526062, -0.008542791940271854, 0.03780593350529671, 0.0052614761516451836, 0.9962763786315918, 0.08605681359767914, -0.03840033710002899, -0.08579324930906296, 0.9955727458000183),
            ["RightHand"] = CFrame.new(-1.3347380445338786e-07, -4.76837158203125e-07, -6.984919309616089e-10, 0.9245769381523132, -0.13684065639972687, -0.3555728495121002, 0.2074735164642334, 0.9635939002037048, 0.1686469167470932, 0.3195500671863556, -0.2296987622976303, 0.9193074703216553),
            ["UpperTorso"] = CFrame.new(-2.3283064365386963e-09, 2.9802322387695312e-08, 9.204086381942034e-09, 0.9995549917221069, 0.0057553015649318695, 0.02926993928849697, -0.00870160199701786, 0.9947922229766846, 0.10155145078897476, -0.028533058241009712, -0.10176093876361847, 0.9943996667861938),
            ["HumanoidRootPart"] = CFrame.new(0, 0, 0, 1, 0, 0, 0, 1, 0, 0, 0, 1),
            ["RightUpperLeg"] = CFrame.new(1.1920928955078125e-07, 5.2386894822120667e-08, 4.6733475755900145e-08, 0.7028210163116455, -0.6662676930427551, -0.24925774335861206, 0.4199543297290802, 0.6714246869087219, -0.610596776008606, 0.5741786360740662, 0.3244631290435791, 0.7516928315162659),
            ["LeftUpperArm"] = CFrame.new(-1.1920928955078125e-07, -3.5762786865234375e-07, -7.450580596923828e-09, 0.775532066822052, 0.09390804171562195, -0.6242847442626953, -0.16820015013217926, 0.9838666319847107, -0.06095239520072937, 0.6084888577461243, 0.15227536857128143, 0.7788153886795044),
            ["RightLowerArm"] = CFrame.new(1.1920928955078125e-07, -5.364418029785156e-07, 1.825392246246338e-07, 1, -3.369915901885179e-08, 1.3969836398786128e-09, 2.386513431318349e-09, 0.9642348289489746, -0.2650499939918518, -5.820764759079111e-09, 0.2650497257709503, 0.9642347097396851),
            ["LeftHand"] = CFrame.new(2.384185791015625e-07, 0, 8.940696716308594e-08, 0.6923705339431763, -0.4667336046695709, -0.5502570271492004, 0.5419161915779114, 0.8398783206939697, -0.03051815927028656, 0.4763927459716797, -0.2770633101463318, 0.8344374299049377),
            ["LeftFoot"] = CFrame.new(1.862645149230957e-08, 0, 4.470348358154297e-08, 0.8764652013778687, -0.45801928639411926, 0.148414745926857, 0.47996366024017334, 0.8068591356277466, -0.34440281987190247, 0.03799360990524292, 0.3730906844139099, 0.9270166754722595),
            ["LowerTorso"] = CFrame.new(0.004333032760769129, -0.4422640800476074, -0.05064891278743744, 0.9991471767425537, -0.006019958294928074, 0.040850408375263214, 0.006648577284067869, 0.9998612999916077, -0.015269942581653595, -0.04075281694531441, 0.015528515912592411, 0.99904865026474),
            ["RightLowerLeg"] = CFrame.new(4.470348358154297e-08, -0.00012242794036865234, -0.00007742473826510832, 1, -1.0477378964424133e-07, -2.9802322387695312e-08, 7.450581307466564e-08, 0.32288047671318054, 0.9464396238327026, -2.6822092991096724e-07, -0.946439802646637, 0.3228808343410492),
            ["LeftUpperLeg"] = CFrame.new(-5.960464477539063e-08, 4.5416527427732944e-07, 1.862645149230957e-08, 0.7954115271568298, 0.60490483045578, 0.0375492237508297, -0.4692305624485016, 0.6538524031639099, -0.5935493111610413, -0.3835923671722412, 0.45449674129486084, 0.8039211630821228),
            ["LeftLowerLeg"] = CFrame.new(-1.4901161193847656e-07, 0.0001227259635925293, 0.00007750838994979858, 1, 1.9371512394172896e-07, 1.341104365337742e-07, -7.450581307466564e-08, 0.3786730468273163, 0.9255305528640747, 0, -0.9255306124687195, 0.3786729872226715),
        }},
        {Time = 0.267, Data = {
            ["RightFoot"] = CFrame.new(-1.1920928955078125e-07, 4.172325134277344e-07, 7.620110409334302e-08, 0.8908281326293945, 0.4143866002559662, -0.18630404770374298, -0.4542733430862427, 0.8053246140480042, -0.3809036910533905, -0.007806495763361454, 0.42395302653312683, 0.9056507349014282),
            ["LeftLowerArm"] = CFrame.new(-2.384185791015625e-07, 4.172325134277344e-07, -2.9243528842926025e-07, 1, -1.1920923270736239e-07, 7.450581485102248e-09, 1.0058278832048018e-07, 0.6047604084014893, -0.7964073419570923, -2.863815495857125e-08, 0.7964075207710266, 0.6047607064247131),
            ["RightUpperArm"] = CFrame.new(-2.980232238769531e-07, -5.960464477539062e-07, 0, 0.9880095720291138, -0.11496350169181824, -0.10305619239807129, 0.1318971961736679, 0.9754493832588196, 0.17635643482208252, 0.08025161176919937, -0.18783505260944366, 0.9789166450500488),
            ["Head"] = CFrame.new(-5.820766091346741e-08, 1.1920928955078125e-07, 2.066371962428093e-08, 0.9992724061012268, -0.008532102219760418, 0.03717588260769844, 0.0054444544948637486, 0.9965863227844238, 0.0823783352971077, -0.03775186836719513, -0.08211598545312881, 0.9959075450897217),
            ["RightHand"] = CFrame.new(-1.383941707899794e-07, -5.960464477539063e-08, 2.8812792152166367e-09, 0.9242379069328308, -0.13589175045490265, -0.35681623220443726, 0.20672984421253204, 0.9637927412986755, 0.16842366755008698, 0.3210093080997467, -0.22942803800106049, 0.9188665747642517),
            ["UpperTorso"] = CFrame.new(-3.259629011154175e-09, 1.1920928955078125e-07, 1.4617398846894503e-08, 0.999542236328125, 0.0058026621118187904, 0.029695596545934677, -0.008779291063547134, 0.9948363900184631, 0.10111187398433685, -0.028955547139048576, -0.10132630169391632, 0.9944318532943726),
            ["HumanoidRootPart"] = CFrame.new(0, 0, 0, 1, 0, 0, 0, 1, 0, 0, 0, 1),
            ["RightUpperLeg"] = CFrame.new(0, 6.542541086673737e-08, 2.996966941282153e-08, 0.7038844227790833, -0.6649906039237976, -0.24966734647750854, 0.4183858633041382, 0.6721898913383484, -0.6108313202857971, 0.5740209221839905, 0.3254973292350769, 0.7513663172721863),
            ["LeftUpperArm"] = CFrame.new(-2.384185791015625e-07, -5.960464477539062e-07, 2.9802322387695312e-08, 0.7750398516654968, 0.09372282028198242, -0.6249234080314636, -0.16866737604141235, 0.9837433695793152, -0.06164728105068207, 0.6089866161346436, 0.15318335592746735, 0.7782482504844666),
            ["RightLowerArm"] = CFrame.new(1.1920928955078125e-07, -7.748603820800781e-07, 1.4156103134155273e-07, 1, -1.5915118112275195e-08, 9.19681042432785e-09, 6.326444257354069e-09, 0.9649790525436401, -0.2623269259929657, -9.895301245066435e-10, 0.26232707500457764, 0.9649791121482849),
            ["LeftHand"] = CFrame.new(2.9802322387695312e-08, 1.1920928955078125e-07, 1.1920928955078125e-07, 0.6920763850212097, -0.46791109442710876, -0.5496270656585693, 0.5430575013160706, 0.8391385674476624, -0.03057495504617691, 0.47551971673965454, -0.2773190140724182, 0.8348504900932312),
            ["LeftFoot"] = CFrame.new(-7.078051567077637e-08, 5.960464477539063e-08, 1.4901161193847656e-08, 0.8764482140541077, -0.45739999413490295, 0.15041375160217285, 0.48024803400039673, 0.8079470992088318, -0.34144312143325806, 0.03464974835515022, 0.37149280309677124, 0.9277889132499695),
